11.111
11.099
11.086
11.074
11.062
11.05
11.038
11.025
11.013
11.001
10.989
10.977
10.965
10.953
10.941
10.929
10.917
10.905
10.893
10.881
10.87
10.858
10.846
10.834
10.823
10.811
10.799
10.787
10.776
10.764
10.753
10.741
10.73
10.718
10.707
10.695
10.684
10.672
10.661
10.65
10.638
10.627
10.616
10.604
10.593
10.582
10.571
10.56
10.549
10.537
10.526
10.515
10.504
10.493
10.482
10.471
10.46
10.449
10.438
10.428
10.417
10.406
10.395
10.384
10.373
10.363
10.352
10.341
10.331
10.32
10.309
10.299
10.288
10.277
10.267
10.256
10.246
10.235
10.225
10.215
10.204
10.194
10.183
10.173
10.163
10.152
10.142
10.132
10.121
10.111
10.101
10.091
10.081
10.07
10.06
10.05
10.04
10.03
10.02
10.01
10
9.99
9.98
9.9701
9.9602
9.9502
9.9404
9.9305
9.9206
9.9108
9.901
9.8912
9.8814
9.8717
9.8619
9.8522
9.8425
9.8328
9.8232
9.8135
9.8039
9.7943
9.7847
9.7752
9.7656
9.7561
9.7466
9.7371
9.7276
9.7182
9.7087
9.6993
9.6899
9.6805
9.6712
9.6618
9.6525
9.6432
9.6339
9.6246
9.6154
9.6061
9.5969
9.5877
9.5785
9.5694
9.5602
9.5511
9.542
9.5329
9.5238
9.5147
9.5057
9.4967
9.4877
9.4787
9.4697
9.4607
9.4518
9.4429
9.434
9.4251
9.4162
9.4073
9.3985
9.3897
9.3809
9.3721
9.3633
9.3545
9.3458
9.3371
9.3284
9.3197
9.311
9.3023
9.2937
9.2851
9.2764
9.2678
9.2593
9.2507
9.2421
9.2336
9.2251
9.2166
9.2081
9.1996
9.1912
9.1827
9.1743
9.1659
9.1575
9.1491
9.1408
9.1324
9.1241
9.1158
9.1075
9.0992
9.0909
9.0827
9.0744
9.0662
9.058
9.0498
9.0416
9.0334
9.0253
9.0171
9.009
9.0009
8.9928
8.9847
8.9767
8.9686
8.9606
8.9526
8.9445
8.9366
8.9286
8.9206
8.9127
8.9047
8.8968
8.8889
8.881
8.8731
8.8652
8.8574
8.8496
8.8417
8.8339
8.8261
8.8183
8.8106
8.8028
8.7951
8.7873
8.7796
8.7719
8.7642
8.7566
8.7489
8.7413
8.7336
8.726
8.7184
8.7108
8.7032
8.6957
8.6881
8.6806
8.673
8.6655
8.658
8.6505
8.643
8.6356
8.6281
8.6207
8.6133
8.6059
8.5985
8.5911
8.5837
8.5763
8.569
8.5616
8.5543
8.547
8.5397
8.5324
8.5251
8.5179
8.5106
8.5034
8.4962
8.489
8.4818
8.4746
8.4674
8.4602
8.4531
8.4459
8.4388
8.4317
8.4246
8.4175
8.4104
8.4034
8.3963
8.3893
8.3822
8.3752
8.3682
8.3612
8.3542
8.3472
8.3403
8.3333
8.3264
8.3195
8.3126
8.3056
8.2988
8.2919
8.285
8.2781
8.2713
8.2645
8.2576
8.2508
8.244
8.2372
8.2305
8.2237
8.2169
8.2102
8.2034
8.1967
8.19
8.1833
8.1766
8.1699
8.1633
8.1566
8.15
8.1433
8.1367
8.1301
8.1235
8.1169
8.1103
8.1037
8.0972
8.0906
8.0841
8.0775
8.071
8.0645
8.058
8.0515
8.0451
8.0386
8.0321
8.0257
8.0192
8.0128
8.0064
8
7.9936
7.9872
7.9808
7.9745
7.9681
7.9618
7.9554
7.9491
7.9428
7.9365
7.9302
7.9239
7.9177
7.9114
7.9051
7.8989
7.8927
7.8864
7.8802
7.874
7.8678
7.8616
7.8555
7.8493
7.8431
7.837
7.8309
7.8247
7.8186
7.8125
7.8064
7.8003
7.7942
7.7882
7.7821
7.776
7.77
7.764
7.758
7.7519
7.7459
7.7399
7.734
7.728
7.722
7.716
7.7101
7.7042
7.6982
7.6923
7.6864
7.6805
7.6746
7.6687
7.6628
7.657
7.6511
7.6453
7.6394
7.6336
7.6278
7.622
7.6161
7.6104
7.6046
7.5988
7.593
7.5873
7.5815
7.5758
7.57
7.5643
7.5586
7.5529
7.5472
7.5415
7.5358
7.5301
7.5245
7.5188
7.5131
7.5075
7.5019
7.4963
7.4906
7.485
7.4794
7.4738
7.4683
7.4627
7.4571
7.4516
7.446
7.4405
7.4349
7.4294
7.4239
7.4184
7.4129
7.4074
7.4019
7.3964
7.391
7.3855
7.3801
7.3746
7.3692
7.3638
7.3584
7.3529
7.3475
7.3421
7.3368
7.3314
7.326
7.3206
7.3153
7.3099
7.3046
7.2993
7.2939
7.2886
7.2833
7.278
7.2727
7.2674
7.2622
7.2569
7.2516
7.2464
7.2411
7.2359
7.2307
7.2254
7.2202
7.215
7.2098
7.2046
7.1994
7.1942
7.1891
7.1839
7.1788
7.1736
7.1685
7.1633
7.1582
7.1531
7.148
7.1429
7.1378
7.1327
7.1276
7.1225
7.1174
7.1124
7.1073
7.1023
7.0972
7.0922
7.0872
7.0822
7.0771
7.0721
7.0671
7.0621
7.0572
7.0522
7.0472
7.0423
7.0373
7.0323
7.0274
7.0225
7.0175
7.0126
7.0077
7.0028
6.9979
6.993
6.9881
6.9832
6.9784
6.9735
6.9686
6.9638
6.9589
6.9541
6.9493
6.9444
6.9396
6.9348
6.93
6.9252
6.9204
6.9156
6.9109
6.9061
6.9013
6.8966
6.8918
6.8871
6.8823
6.8776
6.8729
6.8681
6.8634
6.8587
6.854
6.8493
6.8446
6.8399
6.8353
6.8306
6.8259
6.8213
6.8166
6.812
6.8074
6.8027
6.7981
6.7935
6.7889
6.7843
6.7797
6.7751
6.7705
6.7659
6.7613
6.7568
6.7522
6.7476
6.7431
6.7385
6.734
6.7295
6.7249
6.7204
6.7159
6.7114
6.7069
6.7024
6.6979
6.6934
6.689
6.6845
6.68
6.6756
6.6711
6.6667
6.6622
6.6578
6.6534
6.6489
6.6445
6.6401
6.6357
6.6313
6.6269
6.6225
6.6181
6.6138
6.6094
6.605
6.6007
6.5963
6.592
6.5876
6.5833
6.5789
6.5746
6.5703
6.566
6.5617
6.5574
6.5531
6.5488
6.5445
6.5402
6.5359
6.5317
6.5274
6.5232
6.5189
6.5147
6.5104
6.5062
6.502
6.4977
6.4935
6.4893
6.4851
6.4809
6.4767
6.4725
6.4683
6.4641
6.4599
6.4558
6.4516
6.4475
6.4433
6.4392
6.435
6.4309
6.4267
6.4226
6.4185
6.4144
6.4103
6.4061
6.402
6.398
6.3939
6.3898
6.3857
6.3816
6.3776
6.3735
6.3694
6.3654
6.3613
6.3573
6.3532
6.3492
6.3452
6.3412
6.3371
6.3331
6.3291
6.3251
6.3211
6.3171
6.3131
6.3091
6.3052
6.3012
6.2972
6.2933
6.2893
6.2854
6.2814
6.2775
6.2735
6.2696
6.2657
6.2617
6.2578
6.2539
6.25
6.2461
6.2422
6.2383
6.2344
6.2305
6.2267
6.2228
6.2189
6.215
6.2112
6.2073
6.2035
6.1996
6.1958
6.192
6.1881
6.1843
6.1805
6.1767
6.1728
6.169
6.1652
6.1614
6.1576
6.1538
6.1501
6.1463
6.1425
6.1387
6.135
6.1312
6.1275
6.1237
6.12
6.1162
6.1125
6.1087
6.105
6.1013
6.0976
6.0938
6.0901
6.0864
6.0827
6.079
6.0753
6.0716
6.068
6.0643
6.0606
6.0569
6.0533
6.0496
6.0459
6.0423
6.0386
6.035
6.0314
6.0277
6.0241
6.0205
6.0168
6.0132
6.0096
6.006
6.0024
5.9988
5.9952
5.9916
5.988
5.9844
5.9809
5.9773
5.9737
5.9701
5.9666
5.963
5.9595
5.9559
5.9524
5.9488
5.9453
5.9418
5.9382
5.9347
5.9312
5.9277
5.9242
5.9207
5.9172
5.9137
5.9102
5.9067
5.9032
5.8997
5.8962
5.8928
5.8893
5.8858
5.8824
5.8789
5.8754
5.872
5.8685
5.8651
5.8617
5.8582
5.8548
5.8514
5.848
5.8445
5.8411
5.8377
5.8343
5.8309
5.8275
5.8241
5.8207
5.8173
5.814
5.8106
5.8072
5.8038
5.8005
5.7971
5.7937
5.7904
5.787
5.7837
5.7803
5.777
5.7737
5.7703
5.767
5.7637
5.7604
5.7571
5.7537
5.7504
5.7471
5.7438
5.7405
5.7372
5.7339
5.7307
5.7274
5.7241
5.7208
5.7176
5.7143
5.711
5.7078
5.7045
5.7013
5.698
5.6948
5.6915
5.6883
5.685
5.6818
5.6786
5.6754
5.6721
5.6689
5.6657
5.6625
5.6593
5.6561
5.6529
5.6497
5.6465
5.6433
5.6402
5.637
5.6338
5.6306
5.6275
5.6243
5.6211
5.618
5.6148
5.6117
5.6085
5.6054
5.6022
5.5991
5.596
5.5928
5.5897
5.5866
5.5835
5.5804
5.5772
5.5741
5.571
5.5679
5.5648
5.5617
5.5586
5.5556
5.5525
5.5494
5.5463
5.5432
5.5402
5.5371
5.534
5.531
5.5279
5.5249
5.5218
5.5188
5.5157
5.5127
5.5096
5.5066
5.5036
5.5006
5.4975
5.4945
5.4915
5.4885
5.4855
5.4825
5.4795
5.4765
5.4735
5.4705
5.4675
5.4645
5.4615
5.4585
5.4555
5.4526
5.4496
5.4466
5.4437
5.4407
5.4377
5.4348
5.4318
5.4289
5.4259
5.423
5.4201
5.4171
5.4142
5.4113
5.4083
5.4054
5.4025
5.3996
5.3967
5.3937
5.3908
5.3879
5.385
5.3821
5.3792
5.3763
5.3735
5.3706
5.3677
5.3648
5.3619
5.3591
5.3562
5.3533
5.3505
5.3476
5.3447
5.3419
5.339
5.3362
5.3333
5.3305
5.3277
5.3248
5.322
5.3191
5.3163
5.3135
5.3107
5.3079
5.305
5.3022
5.2994
5.2966
5.2938
5.291
5.2882
5.2854
5.2826
5.2798
5.277
5.2743
5.2715
5.2687
5.2659
5.2632
5.2604
5.2576
5.2549
5.2521
5.2493
5.2466
5.2438
5.2411
5.2383
5.2356
5.2329
5.2301
5.2274
5.2247
5.2219
5.2192
5.2165
5.2138
5.211
5.2083
5.2056
5.2029
5.2002
5.1975
5.1948
5.1921
5.1894
5.1867
5.184
5.1813
5.1787
5.176
5.1733
5.1706
5.168
5.1653
5.1626
5.16
5.1573
5.1546
5.152
5.1493
5.1467
5.144
5.1414
5.1387
5.1361
5.1335
5.1308
5.1282
5.1256
5.123
5.1203
5.1177
5.1151
5.1125
5.1099
5.1073
5.1046
5.102
5.0994
5.0968
5.0942
5.0916
5.0891
5.0865
5.0839
5.0813
5.0787
5.0761
5.0736
5.071
5.0684
5.0659
5.0633
5.0607
5.0582
5.0556
5.0531
5.0505
5.048
5.0454
5.0429
5.0403
5.0378
5.0352
5.0327
5.0302
5.0277
5.0251
5.0226
5.0201
5.0176
5.015
5.0125
5.01
5.0075
5.005
5.0025
5
4.9975
4.995
4.9925
4.99
4.9875
4.985
4.9826
4.9801
4.9776
4.9751
4.9727
4.9702
4.9677
4.9652
4.9628
4.9603
4.9579
4.9554
4.9529
4.9505
4.948
4.9456
4.9432
4.9407
4.9383
4.9358
4.9334
4.931
4.9285
4.9261
4.9237
4.9213
4.9188
4.9164
4.914
4.9116
4.9092
4.9068
4.9044
4.902
4.8996
4.8972
4.8948
4.8924
4.89
4.8876
4.8852
4.8828
4.8804
4.878
4.8757
4.8733
4.8709
4.8685
4.8662
4.8638
4.8614
4.8591
4.8567
4.8544
4.852
4.8497
4.8473
4.845
4.8426
4.8403
4.8379
4.8356
4.8333
4.8309
4.8286
4.8263
4.8239
4.8216
4.8193
4.817
4.8146
4.8123
4.81
4.8077
4.8054
4.8031
4.8008
4.7985
4.7962
4.7939
4.7916
4.7893
4.787
4.7847
4.7824
4.7801
4.7778
4.7755
4.7733
4.771
4.7687
4.7664
4.7642
4.7619
4.7596
4.7574
4.7551
4.7529
4.7506
4.7483
4.7461
4.7438
4.7416
4.7393
4.7371
4.7348
4.7326
4.7304
4.7281
4.7259
4.7237
4.7214
4.7192
4.717
4.7148
4.7125
4.7103
4.7081
4.7059
4.7037
4.7015
4.6992
4.697
4.6948
4.6926
4.6904
4.6882
4.686
4.6838
4.6816
4.6795
4.6773
4.6751
4.6729
4.6707
4.6685
4.6664
4.6642
4.662
4.6598
4.6577
4.6555
4.6533
4.6512
4.649
4.6468
4.6447
4.6425
4.6404
4.6382
4.6361
4.6339
4.6318
4.6296
4.6275
4.6253
4.6232
4.6211
4.6189
4.6168
4.6147
4.6125
4.6104
4.6083
4.6062
4.6041
4.6019
4.5998
4.5977
4.5956
4.5935
4.5914
4.5893
4.5872
4.5851
4.583
4.5809
4.5788
4.5767
4.5746
4.5725
4.5704
4.5683
4.5662
4.5641
4.562
4.56
4.5579
4.5558
4.5537
4.5517
4.5496
4.5475
4.5455
4.5434
4.5413
4.5393
4.5372
4.5351
4.5331
4.531
4.529
4.5269
4.5249
4.5228
4.5208
4.5188
4.5167
4.5147
4.5126
4.5106
4.5086
4.5065
4.5045
4.5025
4.5005
4.4984
4.4964
4.4944
4.4924
4.4903
4.4883
4.4863
4.4843
4.4823
4.4803
4.4783
4.4763
4.4743
4.4723
4.4703
4.4683
4.4663
4.4643
4.4623
4.4603
4.4583
4.4563
4.4543
4.4524
4.4504
4.4484
4.4464
4.4444
4.4425
4.4405
4.4385
4.4366
4.4346
4.4326
4.4307
4.4287
4.4267
4.4248
4.4228
4.4209
4.4189
4.417
4.415
4.4131
4.4111
4.4092
4.4072
4.4053
4.4033
4.4014
4.3995
4.3975
4.3956
4.3937
4.3917
4.3898
4.3879
4.386
4.384
4.3821
4.3802
4.3783
4.3764
4.3745
4.3725
4.3706
4.3687
4.3668
4.3649
4.363
4.3611
4.3592
4.3573
4.3554
4.3535
4.3516
4.3497
4.3478
4.3459
4.344
4.3422
4.3403
4.3384
4.3365
4.3346
4.3328
4.3309
4.329
4.3271
4.3253
4.3234
4.3215
4.3197
4.3178
4.3159
4.3141
4.3122
4.3103
4.3085
4.3066
4.3048
4.3029
4.3011
4.2992
4.2974
4.2955
4.2937
4.2918
4.29
4.2882
4.2863
4.2845
4.2827
4.2808
4.279
4.2772
4.2753
4.2735
4.2717
4.2699
4.268
4.2662
4.2644
4.2626
4.2608
4.2589
4.2571
4.2553
4.2535
4.2517
4.2499
4.2481
4.2463
4.2445
4.2427
4.2409
4.2391
4.2373
4.2355
4.2337
4.2319
4.2301
4.2283
4.2265
4.2248
4.223
4.2212
4.2194
4.2176
4.2159
4.2141
4.2123
4.2105
4.2088
4.207
4.2052
4.2034
4.2017
4.1999
4.1982
4.1964
4.1946
4.1929
4.1911
4.1894
4.1876
4.1859
4.1841
4.1824
4.1806
4.1789
4.1771
4.1754
4.1736
4.1719
4.1701
4.1684
4.1667
4.1649
4.1632
4.1615
4.1597
4.158
4.1563
4.1545
4.1528
4.1511
4.1494
4.1477
4.1459
4.1442
4.1425
4.1408
4.1391
4.1374
4.1356
4.1339
4.1322
4.1305
4.1288
4.1271
4.1254
4.1237
4.122
4.1203
4.1186
4.1169
4.1152
4.1135
4.1118
4.1102
4.1085
4.1068
4.1051
4.1034
4.1017
4.1
4.0984
4.0967
4.095
4.0933
4.0917
4.09
4.0883
4.0866
4.085
4.0833
4.0816
4.08
4.0783
4.0766
4.075
4.0733
4.0717
4.07
4.0683
4.0667
4.065
4.0634
4.0617
4.0601
4.0584
4.0568
4.0552
4.0535
4.0519
4.0502
4.0486
4.0469
4.0453
4.0437
4.042
4.0404
4.0388
4.0371
4.0355
4.0339
4.0323
4.0306
4.029
4.0274
4.0258
4.0241
4.0225
4.0209
4.0193
4.0177
4.0161
4.0145
4.0128
4.0112
4.0096
4.008
4.0064
4.0048
4.0032
4.0016
4
3.9984
3.9968
3.9952
3.9936
3.992
3.9904
3.9888
3.9872
3.9857
3.9841
3.9825
3.9809
3.9793
3.9777
3.9761
3.9746
3.973
3.9714
3.9698
3.9683
3.9667
3.9651
3.9635
3.962
3.9604
3.9588
3.9573
3.9557
3.9541
3.9526
3.951
3.9494
3.9479
3.9463
3.9448
3.9432
3.9417
3.9401
3.9386
3.937
3.9355
3.9339
3.9324
3.9308
3.9293
3.9277
3.9262
3.9246
3.9231
3.9216
3.92
3.9185
3.917
3.9154
3.9139
3.9124
3.9108
3.9093
3.9078
3.9063
3.9047
3.9032
3.9017
3.9002
3.8986
3.8971
3.8956
3.8941
3.8926
3.8911
3.8895
3.888
3.8865
3.885
3.8835
3.882
3.8805
3.879
3.8775
3.876
3.8745
3.873
3.8715
3.87
3.8685
3.867
3.8655
3.864
3.8625
3.861
3.8595
3.858
3.8565
3.8551
3.8536
3.8521
3.8506
3.8491
3.8476
3.8462
3.8447
3.8432
3.8417
3.8402
3.8388
3.8373
3.8358
3.8344
3.8329
3.8314
3.83
3.8285
3.827
3.8256
3.8241
3.8226
3.8212
3.8197
3.8183
3.8168
3.8153
3.8139
3.8124
3.811
3.8095
3.8081
3.8066
3.8052
3.8037
3.8023
3.8008
3.7994
3.7979
3.7965
3.7951
3.7936
3.7922
3.7908
3.7893
3.7879
3.7864
3.785
3.7836
3.7821
3.7807
3.7793
3.7779
3.7764
3.775
3.7736
3.7722
3.7707
3.7693
3.7679
3.7665
3.7651
3.7636
3.7622
3.7608
3.7594
3.758
3.7566
3.7552
3.7538
3.7523
3.7509
3.7495
3.7481
3.7467
3.7453
3.7439
3.7425
3.7411
3.7397
3.7383
3.7369
3.7355
3.7341
3.7327
3.7313
3.73
3.7286
3.7272
3.7258
3.7244
3.723
3.7216
3.7202
3.7189
3.7175
3.7161
3.7147
3.7133
3.712
3.7106
3.7092
3.7078
3.7064
3.7051
3.7037
3.7023
3.701
3.6996
3.6982
3.6969
3.6955
3.6941
3.6928
3.6914
3.69
3.6887
3.6873
3.686
3.6846
3.6832
3.6819
3.6805
3.6792
3.6778
3.6765
3.6751
3.6738
3.6724
3.6711
3.6697
3.6684
3.667
3.6657
3.6643
3.663
3.6617
3.6603
3.659
3.6576
3.6563
3.655
3.6536
3.6523
3.651
3.6496
3.6483
3.647
3.6456
3.6443
3.643
3.6417
3.6403
3.639
3.6377
3.6364
3.635
3.6337
3.6324
3.6311
3.6298
3.6284
3.6271
3.6258
3.6245
3.6232
3.6219
3.6206
3.6193
3.6179
3.6166
3.6153
3.614
3.6127
3.6114
3.6101
3.6088
3.6075
3.6062
3.6049
3.6036
3.6023
3.601
3.5997
3.5984
3.5971
3.5958
3.5945
3.5932
3.592
3.5907
3.5894
3.5881
3.5868
3.5855
3.5842
3.5829
3.5817
3.5804
3.5791
3.5778
3.5765
3.5753
3.574
3.5727
3.5714
3.5702
3.5689
3.5676
3.5663
3.5651
3.5638
3.5625
3.5613
3.56
3.5587
3.5575
3.5562
3.5549
3.5537
3.5524
3.5511
3.5499
3.5486
3.5474
3.5461
3.5448
3.5436
3.5423
3.5411
3.5398
3.5386
3.5373
3.5361
3.5348
3.5336
3.5323
3.5311
3.5298
3.5286
3.5273
3.5261
3.5249
3.5236
3.5224
3.5211
3.5199
3.5186
3.5174
3.5162
3.5149
3.5137
3.5125
3.5112
3.51
3.5088
3.5075
3.5063
3.5051
3.5039
3.5026
3.5014
3.5002
3.499
3.4977
3.4965
3.4953
3.4941
3.4928
3.4916
3.4904
3.4892
3.488
3.4868
3.4855
3.4843
3.4831
3.4819
3.4807
3.4795
3.4783
3.4771
3.4758
3.4746
3.4734
3.4722
3.471
3.4698
3.4686
3.4674
3.4662
3.465
3.4638
3.4626
3.4614
3.4602
3.459
3.4578
3.4566
3.4554
3.4542
3.453
3.4518
3.4507
3.4495
3.4483
3.4471
3.4459
3.4447
3.4435
3.4423
3.4412
3.44
3.4388
3.4376
3.4364
3.4352
3.4341
3.4329
3.4317
3.4305
3.4294
3.4282
3.427
3.4258
3.4247
3.4235
3.4223
3.4211
3.42
3.4188
3.4176
3.4165
3.4153
3.4141
3.413
3.4118
3.4106
3.4095
3.4083
3.4072
3.406
3.4048
3.4037
3.4025
3.4014
3.4002
3.399
3.3979
3.3967
3.3956
3.3944
3.3933
3.3921
3.391
3.3898
3.3887
3.3875
3.3864
3.3852
3.3841
3.3829
3.3818
3.3807
3.3795
3.3784
3.3772
3.3761
3.375
3.3738
3.3727
3.3715
3.3704
3.3693
3.3681
3.367
3.3659
3.3647
3.3636
3.3625
3.3613
3.3602
3.3591
3.358
3.3568
3.3557
3.3546
3.3535
3.3523
3.3512
3.3501
3.349
3.3478
3.3467
3.3456
3.3445
3.3434
3.3422
3.3411
3.34
3.3389
3.3378
3.3367
3.3356
3.3344
3.3333
3.3322
3.3311
3.33
3.3289
3.3278
3.3267
3.3256
3.3245
3.3234
3.3223
3.3212
3.3201
3.319
3.3179
3.3167
3.3156
3.3146
3.3135
3.3124
3.3113
3.3102
3.3091
3.308
3.3069
3.3058
3.3047
3.3036
3.3025
3.3014
3.3003
3.2992
3.2982
3.2971
3.296
3.2949
3.2938
3.2927
3.2916
3.2906
3.2895
3.2884
3.2873
3.2862
3.2852
3.2841
3.283
3.2819
3.2808
3.2798
3.2787
3.2776
3.2765
3.2755
3.2744
3.2733
3.2723
3.2712
3.2701
3.269
3.268
3.2669
3.2658
3.2648
3.2637
3.2626
3.2616
3.2605
3.2595
3.2584
3.2573
3.2563
3.2552
3.2541
3.2531
3.252
3.251
3.2499
3.2489
3.2478
3.2468
3.2457
3.2446
3.2436
3.2425
3.2415
3.2404
3.2394
3.2383
3.2373
3.2362
3.2352
3.2342
3.2331
3.2321
3.231
3.23
3.2289
3.2279
3.2268
3.2258
3.2248
3.2237
3.2227
3.2216
3.2206
3.2196
3.2185
3.2175
3.2165
3.2154
3.2144
3.2134
3.2123
3.2113
3.2103
3.2092
3.2082
3.2072
3.2062
3.2051
3.2041
3.2031
3.202
3.201
3.2
3.199
3.198
3.1969
3.1959
3.1949
3.1939
3.1928
3.1918
3.1908
3.1898
3.1888
3.1878
3.1867
3.1857
3.1847
3.1837
3.1827
3.1817
3.1807
3.1797
3.1786
3.1776
3.1766
3.1756
3.1746
3.1736
3.1726
3.1716
3.1706
3.1696
3.1686
3.1676
3.1666
3.1656
3.1646
3.1636
3.1626
3.1616
3.1606
3.1596
3.1586
3.1576
3.1566
3.1556
3.1546
3.1536
3.1526
3.1516
3.1506
3.1496
3.1486
3.1476
3.1466
3.1456
3.1447
3.1437
3.1427
3.1417
3.1407
3.1397
3.1387
3.1377
3.1368
3.1358
3.1348
3.1338
3.1328
3.1319
3.1309
3.1299
3.1289
3.1279
3.127
3.126
3.125
3.124
3.123
3.1221
3.1211
3.1201
3.1192
3.1182
3.1172
3.1162
3.1153
3.1143
3.1133
3.1124
3.1114
3.1104
3.1095
3.1085
3.1075
3.1066
3.1056
3.1046
3.1037
3.1027
3.1017
3.1008
3.0998
3.0989
3.0979
3.0969
3.096
3.095
3.0941
3.0931
3.0921
3.0912
3.0902
3.0893
3.0883
3.0874
3.0864
3.0855
3.0845
3.0836
3.0826
3.0817
3.0807
3.0798
3.0788
3.0779
3.0769
3.076
3.075
3.0741
3.0731
3.0722
3.0713
3.0703
3.0694
3.0684
3.0675
3.0665
3.0656
3.0647
3.0637
3.0628
3.0618
3.0609
3.06
3.059
3.0581
3.0572
3.0562
3.0553
3.0544
3.0534
3.0525
3.0516
3.0506
3.0497
3.0488
3.0479
3.0469
3.046
3.0451
3.0441
3.0432
3.0423
3.0414
3.0404
3.0395
3.0386
3.0377
3.0367
3.0358
3.0349
3.034
3.0331
3.0321
3.0312
3.0303
3.0294
3.0285
3.0276
3.0266
3.0257
3.0248
3.0239
3.023
3.0221
3.0211
3.0202
3.0193
3.0184
3.0175
3.0166
3.0157
3.0148
3.0139
3.013
3.012
3.0111
3.0102
3.0093
3.0084
3.0075
3.0066
3.0057
3.0048
3.0039
3.003
3.0021
3.0012
3.0003
2.9994
2.9985
2.9976
2.9967
2.9958
2.9949
2.994
2.9931
2.9922
2.9913
2.9904
2.9895
2.9886
2.9878
2.9869
2.986
2.9851
2.9842
2.9833
2.9824
2.9815
2.9806
2.9797
2.9789
2.978
2.9771
2.9762
2.9753
2.9744
2.9735
2.9727
2.9718
2.9709
2.97
2.9691
2.9682
2.9674
2.9665
2.9656
2.9647
2.9638
2.963
2.9621
2.9612
2.9603
2.9595
2.9586
2.9577
2.9568
2.956
2.9551
2.9542
2.9533
2.9525
2.9516
2.9507
2.9499
2.949
2.9481
2.9472
2.9464
2.9455
2.9446
2.9438
2.9429
2.942
2.9412
2.9403
2.9394
2.9386
2.9377
2.9369
2.936
2.9351
2.9343
2.9334
2.9326
2.9317
2.9308
2.93
2.9291
2.9283
2.9274
2.9265
2.9257
2.9248
2.924
2.9231
2.9223
2.9214
2.9206
2.9197
2.9189
2.918
2.9172
2.9163
2.9155
2.9146
2.9138
2.9129
2.9121
2.9112
2.9104
2.9095
2.9087
2.9078
2.907
2.9061
2.9053
2.9044
2.9036
2.9028
2.9019
2.9011
2.9002
2.8994
2.8986
2.8977
2.8969
2.896
2.8952
2.8944
2.8935
2.8927
2.8918
2.891
2.8902
2.8893
2.8885
2.8877
2.8868
2.886
2.8852
2.8843
2.8835
2.8827
2.8818
2.881
2.8802
2.8794
2.8785
2.8777
2.8769
2.876
2.8752
2.8744
2.8736
2.8727
2.8719
2.8711
2.8703
2.8694
2.8686
2.8678
2.867
2.8662
2.8653
2.8645
2.8637
2.8629
2.862
2.8612
2.8604
2.8596
2.8588
2.858
2.8571
2.8563
2.8555
2.8547
2.8539
2.8531
2.8523
2.8514
2.8506
2.8498
2.849
2.8482
2.8474
2.8466
2.8458
2.845
2.8441
2.8433
2.8425
2.8417
2.8409
2.8401
2.8393
2.8385
2.8377
2.8369
2.8361
2.8353
2.8345
2.8337
2.8329
2.8321
2.8313
2.8305
2.8297
2.8289
2.8281
2.8273
2.8265
2.8257
2.8249
2.8241
2.8233
2.8225
2.8217
2.8209
2.8201
2.8193
2.8185
2.8177
2.8169
2.8161
2.8153
2.8145
2.8137
2.8129
2.8121
2.8114
2.8106
2.8098
2.809
2.8082
2.8074
2.8066
2.8058
2.805
2.8043
2.8035
2.8027
2.8019
2.8011
2.8003
2.7996
2.7988
2.798
2.7972
2.7964
2.7956
2.7949
2.7941
2.7933
2.7925
2.7917
2.791
2.7902
2.7894
2.7886
2.7878
2.7871
2.7863
2.7855
2.7847
2.784
2.7832
2.7824
2.7816
2.7809
2.7801
2.7793
2.7785
2.7778
2.777
2.7762
2.7755
2.7747
2.7739
2.7732
2.7724
2.7716
2.7709
2.7701
2.7693
2.7685
2.7678
2.767
2.7663
2.7655
2.7647
2.764
2.7632
2.7624
2.7617
2.7609
2.7601
2.7594
2.7586
2.7579
2.7571
2.7563
2.7556
2.7548
2.7541
2.7533
2.7525
2.7518
2.751
2.7503
2.7495
2.7488
2.748
2.7473
2.7465
2.7457
2.745
2.7442
2.7435
2.7427
2.742
2.7412
2.7405
2.7397
2.739
2.7382
2.7375
2.7367
2.736
2.7352
2.7345
2.7337
2.733
2.7322
2.7315
2.7307
2.73
2.7293
2.7285
2.7278
2.727
2.7263
2.7255
2.7248
2.7241
2.7233
2.7226
2.7218
2.7211
2.7203
2.7196
2.7189
2.7181
2.7174
2.7167
2.7159
2.7152
2.7144
2.7137
2.713
2.7122
2.7115
2.7108
2.71
2.7093
2.7086
2.7078
2.7071
2.7064
2.7056
2.7049
2.7042
2.7034
2.7027
2.702
2.7012
2.7005
2.6998
2.6991
2.6983
2.6976
2.6969
2.6961
2.6954
2.6947
2.694
2.6932
2.6925
2.6918
2.6911
2.6903
2.6896
2.6889
2.6882
2.6874
2.6867
2.686
2.6853
2.6846
2.6838
2.6831
2.6824
2.6817
2.681
2.6802
2.6795
2.6788
2.6781
2.6774
2.6767
2.6759
2.6752
2.6745
2.6738
2.6731
2.6724
2.6717
2.6709
2.6702
2.6695
2.6688
2.6681
2.6674
2.6667
2.666
2.6652
2.6645
2.6638
2.6631
2.6624
2.6617
2.661
2.6603
2.6596
2.6589
2.6582
2.6575
2.6567
2.656
2.6553
2.6546
2.6539
2.6532
2.6525
2.6518
2.6511
2.6504
2.6497
2.649
2.6483
2.6476
2.6469
2.6462
2.6455
2.6448
2.6441
2.6434
2.6427
2.642
2.6413
2.6406
2.6399
2.6392
2.6385
2.6378
2.6371
2.6364
2.6357
2.635
2.6344
2.6337
2.633
2.6323
2.6316
2.6309
2.6302
2.6295
2.6288
2.6281
2.6274
2.6267
2.6261
2.6254
2.6247
2.624
2.6233
2.6226
2.6219
2.6212
2.6205
2.6199
2.6192
2.6185
2.6178
2.6171
2.6164
2.6157
2.6151
2.6144
2.6137
2.613
2.6123
2.6116
2.611
2.6103
2.6096
2.6089
2.6082
2.6076
2.6069
2.6062
2.6055
2.6048
2.6042
2.6035
2.6028
2.6021
2.6015
2.6008
2.6001
2.5994
2.5988
2.5981
2.5974
2.5967
2.5961
2.5954
2.5947
2.594
2.5934
2.5927
2.592
2.5913
2.5907
2.59
2.5893
2.5887
2.588
2.5873
2.5867
2.586
2.5853
2.5846
2.584
2.5833
2.5826
2.582
2.5813
2.5806
2.58
2.5793
2.5786
2.578
2.5773
2.5767
2.576
2.5753
2.5747
2.574
2.5733
2.5727
2.572
2.5714
2.5707
2.57
2.5694
2.5687
2.5681
2.5674
2.5667
2.5661
2.5654
2.5648
2.5641
2.5634
2.5628
2.5621
2.5615
2.5608
2.5602
2.5595
2.5589
2.5582
2.5575
2.5569
2.5562
2.5556
2.5549
2.5543
2.5536
2.553
2.5523
2.5517
2.551
2.5504
2.5497
2.5491
2.5484
2.5478
2.5471
2.5465
2.5458
2.5452
2.5445
2.5439
2.5432
2.5426
2.5419
2.5413
2.5407
2.54
2.5394
2.5387
2.5381
2.5374
2.5368
2.5361
2.5355
2.5349
2.5342
2.5336
2.5329
2.5323
2.5316
2.531
2.5304
2.5297
2.5291
2.5284
2.5278
2.5272
2.5265
2.5259
2.5253
2.5246
2.524
2.5233
2.5227
2.5221
2.5214
2.5208
2.5202
2.5195
2.5189
2.5183
2.5176
2.517
2.5164
2.5157
2.5151
2.5145
2.5138
2.5132
2.5126
2.5119
2.5113
2.5107
2.51
2.5094
2.5088
2.5082
2.5075
2.5069
2.5063
2.5056
2.505
2.5044
2.5038
2.5031
2.5025
2.5019
2.5013
2.5006
2.5
2.4994
2.4988
2.4981
2.4975
2.4969
2.4963
2.4956
2.495
2.4944
2.4938
2.4931
2.4925
2.4919
2.4913
2.4907
2.49
2.4894
2.4888
2.4882
2.4876
2.4869
2.4863
2.4857
2.4851
2.4845
2.4839
2.4832
2.4826
2.482
2.4814
2.4808
2.4802
2.4795
2.4789
2.4783
2.4777
2.4771
2.4765
2.4759
2.4752
2.4746
2.474
2.4734
2.4728
2.4722
2.4716
2.471
2.4704
2.4697
2.4691
2.4685
2.4679
2.4673
2.4667
2.4661
2.4655
2.4649
2.4643
2.4637
2.4631
2.4624
2.4618
2.4612
2.4606
2.46
2.4594
2.4588
2.4582
2.4576
2.457
2.4564
2.4558
2.4552
2.4546
2.454
2.4534
2.4528
2.4522
2.4516
2.451
2.4504
2.4498
2.4492
2.4486
2.448
2.4474
2.4468
2.4462
2.4456
2.445
2.4444
2.4438
2.4432
2.4426
2.442
2.4414
2.4408
2.4402
2.4396
2.439
2.4384
2.4378
2.4372
2.4366
2.4361
2.4355
2.4349
2.4343
2.4337
2.4331
2.4325
2.4319
2.4313
2.4307
2.4301
2.4295
2.429
2.4284
2.4278
2.4272
2.4266
2.426
2.4254
2.4248
2.4242
2.4237
2.4231
2.4225
2.4219
2.4213
2.4207
2.4201
2.4195
2.419
2.4184
2.4178
2.4172
2.4166
2.416
2.4155
2.4149
2.4143
2.4137
2.4131
2.4125
2.412
2.4114
2.4108
2.4102
2.4096
2.4091
2.4085
2.4079
2.4073
2.4067
2.4062
2.4056
2.405
2.4044
2.4038
2.4033
2.4027
2.4021
2.4015
2.401
2.4004
2.3998
2.3992
2.3987
2.3981
2.3975
2.3969
2.3964
2.3958
2.3952
2.3946
2.3941
2.3935
2.3929
2.3923
2.3918
2.3912
2.3906
2.3901
2.3895
2.3889
2.3883
2.3878
2.3872
2.3866
2.3861
2.3855
2.3849
2.3844
2.3838
2.3832
2.3827
2.3821
2.3815
2.381
2.3804
2.3798
2.3793
2.3787
2.3781
2.3776
2.377
2.3764
2.3759
2.3753
2.3747
2.3742
2.3736
2.373
2.3725
2.3719
2.3714
2.3708
2.3702
2.3697
2.3691
2.3685
2.368
2.3674
2.3669
2.3663
2.3657
2.3652
2.3646
2.3641
2.3635
2.3629
2.3624
2.3618
2.3613
2.3607
2.3602
2.3596
2.359
2.3585
2.3579
2.3574
2.3568
2.3563
2.3557
2.3552
2.3546
2.354
2.3535
2.3529
2.3524
2.3518
2.3513
2.3507
2.3502
2.3496
2.3491
2.3485
2.348
2.3474
2.3469
2.3463
2.3458
2.3452
2.3447
2.3441
2.3436
2.343
2.3425
2.3419
2.3414
2.3408
2.3403
2.3397
2.3392
2.3386
2.3381
2.3375
2.337
2.3364
2.3359
2.3354
2.3348
2.3343
2.3337
2.3332
2.3326
2.3321
2.3315
2.331
2.3305
2.3299
2.3294
2.3288
2.3283
2.3277
2.3272
2.3267
2.3261
2.3256
2.325
2.3245
2.324
2.3234
2.3229
2.3223
2.3218
2.3213
2.3207
2.3202
2.3196
2.3191
2.3186
2.318
2.3175
2.317
2.3164
2.3159
2.3154
2.3148
2.3143
2.3137
2.3132
2.3127
2.3121
2.3116
2.3111
2.3105
2.31
2.3095
2.3089
2.3084
2.3079
2.3073
2.3068
2.3063
2.3057
2.3052
2.3047
2.3041
2.3036
2.3031
2.3026
2.302
2.3015
2.301
2.3004
2.2999
2.2994
2.2989
2.2983
2.2978
2.2973
2.2967
2.2962
2.2957
2.2952
2.2946
2.2941
2.2936
2.2931
2.2925
2.292
2.2915
2.291
2.2904
2.2899
2.2894
2.2889
2.2883
2.2878
2.2873
2.2868
2.2862
2.2857
2.2852
2.2847
2.2841
2.2836
2.2831
2.2826
2.2821
2.2815
2.281
2.2805
2.28
2.2795
2.2789
2.2784
2.2779
2.2774
2.2769
2.2763
2.2758
2.2753
2.2748
2.2743
2.2738
2.2732
2.2727
2.2722
2.2717
2.2712
2.2707
2.2701
2.2696
2.2691
2.2686
2.2681
2.2676
2.2671
2.2665
2.266
2.2655
2.265
2.2645
2.264
2.2635
2.263
2.2624
2.2619
2.2614
2.2609
2.2604
2.2599
2.2594
2.2589
2.2584
2.2578
2.2573
2.2568
2.2563
2.2558
2.2553
2.2548
2.2543
2.2538
2.2533
2.2528
2.2523
2.2517
2.2512
2.2507
2.2502
2.2497
2.2492
2.2487
2.2482
2.2477
2.2472
2.2467
2.2462
2.2457
2.2452
2.2447
2.2442
2.2437
2.2432
2.2427
2.2422
2.2416
2.2411
2.2406
2.2401
2.2396
2.2391
2.2386
2.2381
2.2376
2.2371
2.2366
2.2361
2.2356
2.2351
2.2346
2.2341
2.2336
2.2331
2.2326
2.2321
2.2316
2.2311
2.2306
2.2302
2.2297
2.2292
2.2287
2.2282
2.2277
2.2272
2.2267
2.2262
2.2257
2.2252
2.2247
2.2242
2.2237
2.2232
2.2227
2.2222
2.2217
2.2212
2.2207
2.2202
2.2198
2.2193
2.2188
2.2183
2.2178
2.2173
2.2168
2.2163
2.2158
2.2153
2.2148
2.2143
2.2139
2.2134
2.2129
2.2124
2.2119
2.2114
2.2109
2.2104
2.2099
2.2095
2.209
2.2085
2.208
2.2075
2.207
2.2065
2.206
2.2056
2.2051
2.2046
2.2041
2.2036
2.2031
2.2026
2.2022
2.2017
2.2012
2.2007
2.2002
2.1997
2.1993
2.1988
2.1983
2.1978
2.1973
2.1968
2.1964
2.1959
2.1954
2.1949
2.1944
2.1939
2.1935
2.193
2.1925
2.192
2.1915
2.1911
2.1906
2.1901
2.1896
2.1891
2.1887
2.1882
2.1877
2.1872
2.1867
2.1863
2.1858
2.1853
2.1848
2.1844
2.1839
2.1834
2.1829
2.1825
2.182
2.1815
2.181
2.1805
2.1801
2.1796
2.1791
2.1786
2.1782
2.1777
2.1772
2.1768
2.1763
2.1758
2.1753
2.1749
2.1744
2.1739
2.1734
2.173
2.1725
2.172
2.1716
2.1711
2.1706
2.1701
2.1697
2.1692
2.1687
2.1683
2.1678
2.1673
2.1668
2.1664
2.1659
2.1654
2.165
2.1645
2.164
2.1636
2.1631
2.1626
2.1622
2.1617
2.1612
2.1608
2.1603
2.1598
2.1594
2.1589
2.1584
2.158
2.1575
2.157
2.1566
2.1561
2.1556
2.1552
2.1547
2.1542
2.1538
2.1533
2.1529
2.1524
2.1519
2.1515
2.151
2.1505
2.1501
2.1496
2.1492
2.1487
2.1482
2.1478
2.1473
2.1468
2.1464
2.1459
2.1455
2.145
2.1445
2.1441
2.1436
2.1432
2.1427
2.1422
2.1418
2.1413
2.1409
2.1404
2.14
2.1395
2.139
2.1386
2.1381
2.1377
2.1372
2.1368
2.1363
2.1358
2.1354
2.1349
2.1345
2.134
2.1336
2.1331
2.1327
2.1322
2.1317
2.1313
2.1308
2.1304
2.1299
2.1295
2.129
2.1286
2.1281
2.1277
2.1272
2.1268
2.1263
2.1259
2.1254
2.1249
2.1245
2.124
2.1236
2.1231
2.1227
2.1222
2.1218
2.1213
2.1209
2.1204
2.12
2.1195
2.1191
2.1186
2.1182
2.1177
2.1173
2.1169
2.1164
2.116
2.1155
2.1151
2.1146
2.1142
2.1137
2.1133
2.1128
2.1124
2.1119
2.1115
2.111
2.1106
2.1101
2.1097
2.1093
2.1088
2.1084
2.1079
2.1075
2.107
2.1066
2.1061
2.1057
2.1053
2.1048
2.1044
2.1039
2.1035
2.103
2.1026
2.1022
2.1017
2.1013
2.1008
2.1004
2.1
2.0995
2.0991
2.0986
2.0982
2.0978
2.0973
2.0969
2.0964
2.096
2.0956
2.0951
2.0947
2.0942
2.0938
2.0934
2.0929
2.0925
2.0921
2.0916
2.0912
2.0907
2.0903
2.0899
2.0894
2.089
2.0886
2.0881
2.0877
2.0872
2.0868
2.0864
2.0859
2.0855
2.0851
2.0846
2.0842
2.0838
2.0833
2.0829
2.0825
2.082
2.0816
2.0812
2.0807
2.0803
2.0799
2.0794
2.079
2.0786
2.0781
2.0777
2.0773
2.0768
2.0764
2.076
2.0756
2.0751
2.0747
2.0743
2.0738
2.0734
2.073
2.0725
2.0721
2.0717
2.0713
2.0708
2.0704
2.07
2.0695
2.0691
2.0687
2.0683
2.0678
2.0674
2.067
2.0665
2.0661
2.0657
2.0653
2.0648
2.0644
2.064
2.0636
2.0631
2.0627
2.0623
2.0619
2.0614
2.061
2.0606
2.0602
2.0597
2.0593
2.0589
2.0585
2.058
2.0576
2.0572
2.0568
2.0563
2.0559
2.0555
2.0551
2.0547
2.0542
2.0538
2.0534
2.053
2.0525
2.0521
2.0517
2.0513
2.0509
2.0504
2.05
2.0496
2.0492
2.0488
2.0483
2.0479
2.0475
2.0471
2.0467
2.0462
2.0458
2.0454
2.045
2.0446
2.0442
2.0437
2.0433
2.0429
2.0425
2.0421
2.0416
2.0412
2.0408
2.0404
2.04
2.0396
2.0392
2.0387
2.0383
2.0379
2.0375
2.0371
2.0367
2.0362
2.0358
2.0354
2.035
2.0346
2.0342
2.0338
2.0333
2.0329
2.0325
2.0321
2.0317
2.0313
2.0309
2.0305
2.03
2.0296
2.0292
2.0288
2.0284
2.028
2.0276
2.0272
2.0268
2.0263
2.0259
2.0255
2.0251
2.0247
2.0243
2.0239
2.0235
2.0231
2.0227
2.0222
2.0218
2.0214
2.021
2.0206
2.0202
2.0198
2.0194
2.019
2.0186
2.0182
2.0178
2.0173
2.0169
2.0165
2.0161
2.0157
2.0153
2.0149
2.0145
2.0141
2.0137
2.0133
2.0129
2.0125
2.0121
2.0117
2.0113
2.0109
2.0105
2.0101
2.0096
2.0092
2.0088
2.0084
2.008
2.0076
2.0072
2.0068
2.0064
2.006
2.0056
2.0052
2.0048
2.0044
2.004
2.0036
2.0032
2.0028
2.0024
2.002
2.0016
2.0012
2.0008
2.0004
2
1.9996
1.9992
1.9988
1.9984
1.998
1.9976
1.9972
1.9968
1.9964
1.996
1.9956
1.9952
1.9948
1.9944
1.994
1.9936
1.9932
1.9928
1.9924
1.992
1.9916
1.9912
1.9908
1.9904
1.99
1.9897
1.9893
1.9889
1.9885
1.9881
1.9877
1.9873
1.9869
1.9865
1.9861
1.9857
1.9853
1.9849
1.9845
1.9841
1.9837
1.9833
1.9829
1.9826
1.9822
1.9818
1.9814
1.981
1.9806
1.9802
1.9798
1.9794
1.979
1.9786
1.9782
1.9778
1.9775
1.9771
1.9767
1.9763
1.9759
1.9755
1.9751
1.9747
1.9743
1.9739
1.9736
1.9732
1.9728
1.9724
1.972
1.9716
1.9712
1.9708
1.9704
1.9701
1.9697
1.9693
1.9689
1.9685
1.9681
1.9677
1.9673
1.967
1.9666
1.9662
1.9658
1.9654
1.965
1.9646
1.9643
1.9639
1.9635
1.9631
1.9627
1.9623
1.9619
1.9616
1.9612
1.9608
1.9604
1.96
1.9596
1.9592
1.9589
1.9585
1.9581
1.9577
1.9573
1.9569
1.9566
1.9562
1.9558
1.9554
1.955
1.9547
1.9543
1.9539
1.9535
1.9531
1.9527
1.9524
1.952
1.9516
1.9512
1.9508
1.9505
1.9501
1.9497
1.9493
1.9489
1.9486
1.9482
1.9478
1.9474
1.947
1.9467
1.9463
1.9459
1.9455
1.9451
1.9448
1.9444
1.944
1.9436
1.9433
1.9429
1.9425
1.9421
1.9417
1.9414
1.941
1.9406
1.9402
1.9399
1.9395
1.9391
1.9387
1.9384
1.938
1.9376
1.9372
1.9369
1.9365
1.9361
1.9357
1.9354
1.935
1.9346
1.9342
1.9339
1.9335
1.9331
1.9327
1.9324
1.932
1.9316
1.9312
1.9309
1.9305
1.9301
1.9298
1.9294
1.929
1.9286
1.9283
1.9279
1.9275
1.9272
1.9268
1.9264
1.926
1.9257
1.9253
1.9249
1.9246
1.9242
1.9238
1.9234
1.9231
1.9227
1.9223
1.922
1.9216
1.9212
1.9209
1.9205
1.9201
1.9198
1.9194
1.919
1.9186
1.9183
1.9179
1.9175
1.9172
1.9168
1.9164
1.9161
1.9157
1.9153
1.915
1.9146
1.9142
1.9139
1.9135
1.9131
1.9128
1.9124
1.912
1.9117
1.9113
1.9109
1.9106
1.9102
1.9099
1.9095
1.9091
1.9088
1.9084
1.908
1.9077
1.9073
1.9069
1.9066
1.9062
1.9059
1.9055
1.9051
1.9048
1.9044
1.904
1.9037
1.9033
1.9029
1.9026
1.9022
1.9019
1.9015
1.9011
1.9008
1.9004
1.9001
1.8997
1.8993
1.899
1.8986
1.8983
1.8979
1.8975
1.8972
1.8968
1.8965
1.8961
1.8957
1.8954
1.895
1.8947
1.8943
1.8939
1.8936
1.8932
1.8929
1.8925
1.8921
1.8918
1.8914
1.8911
1.8907
1.8904
1.89
1.8896
1.8893
1.8889
1.8886
1.8882
1.8879
1.8875
1.8871
1.8868
1.8864
1.8861
1.8857
1.8854
1.885
1.8847
1.8843
1.8839
1.8836
1.8832
1.8829
1.8825
1.8822
1.8818
1.8815
1.8811
1.8808
1.8804
1.8801
1.8797
1.8793
1.879
1.8786
1.8783
1.8779
1.8776
1.8772
1.8769
1.8765
1.8762
1.8758
1.8755
1.8751
1.8748
1.8744
1.8741
1.8737
1.8734
1.873
1.8727
1.8723
1.872
1.8716
1.8713
1.8709
1.8706
1.8702
1.8699
1.8695
1.8692
1.8688
1.8685
1.8681
1.8678
1.8674
1.8671
1.8667
1.8664
1.866
1.8657
1.8653
1.865
1.8646
1.8643
1.8639
1.8636
1.8632
1.8629
1.8625
1.8622
1.8619
1.8615
1.8612
1.8608
1.8605
1.8601
1.8598
1.8594
1.8591
1.8587
1.8584
1.858
1.8577
1.8574
1.857
1.8567
1.8563
1.856
1.8556
1.8553
1.8549
1.8546
1.8543
1.8539
1.8536
1.8532
1.8529
1.8525
1.8522
1.8519
1.8515
1.8512
1.8508
1.8505
1.8501
1.8498
1.8495
1.8491
1.8488
1.8484
1.8481
1.8477
1.8474
1.8471
1.8467
1.8464
1.846
1.8457
1.8454
1.845
1.8447
1.8443
1.844
1.8437
1.8433
1.843
1.8426
1.8423
1.842
1.8416
1.8413
1.8409
1.8406
1.8403
1.8399
1.8396
1.8392
1.8389
1.8386
1.8382
1.8379
1.8376
1.8372
1.8369
1.8365
1.8362
1.8359
1.8355
1.8352
1.8349
1.8345
1.8342
1.8339
1.8335
1.8332
1.8328
1.8325
1.8322
1.8318
1.8315
1.8312
1.8308
1.8305
1.8302
1.8298
1.8295
1.8292
1.8288
1.8285
1.8282
1.8278
1.8275
1.8272
1.8268
1.8265
1.8262
1.8258
1.8255
1.8252
1.8248
1.8245
1.8242
1.8238
1.8235
1.8232
1.8228
1.8225
1.8222
1.8218
1.8215
1.8212
1.8208
1.8205
1.8202
1.8198
1.8195
1.8192
1.8188
1.8185
1.8182
1.8179
1.8175
1.8172
1.8169
1.8165
1.8162
1.8159
1.8155
1.8152
1.8149
1.8146
1.8142
1.8139
1.8136
1.8132
1.8129
1.8126
1.8123
1.8119
1.8116
1.8113
1.8109
1.8106
1.8103
1.81
1.8096
1.8093
1.809
1.8086
1.8083
1.808
1.8077
1.8073
1.807
1.8067
1.8064
1.806
1.8057
1.8054
1.8051
1.8047
1.8044
1.8041
1.8038
1.8034
1.8031
1.8028
1.8025
1.8021
1.8018
1.8015
1.8012
1.8008
1.8005
1.8002
1.7999
1.7995
1.7992
1.7989
1.7986
1.7982
1.7979
1.7976
1.7973
1.7969
1.7966
1.7963
1.796
1.7957
1.7953
1.795
1.7947
1.7944
1.794
1.7937
1.7934
1.7931
1.7928
1.7924
1.7921
1.7918
1.7915
1.7912
1.7908
1.7905
1.7902
1.7899
1.7895
1.7892
1.7889
1.7886
1.7883
1.7879
1.7876
1.7873
1.787
1.7867
1.7864
1.786
1.7857
1.7854
1.7851
1.7848
1.7844
1.7841
1.7838
1.7835
1.7832
1.7828
1.7825
1.7822
1.7819
1.7816
1.7813
1.7809
1.7806
1.7803
1.78
1.7797
1.7794
1.779
1.7787
1.7784
1.7781
1.7778
1.7775
1.7771
1.7768
1.7765
1.7762
1.7759
1.7756
1.7753
1.7749
1.7746
1.7743
1.774
1.7737
1.7734
1.773
1.7727
1.7724
1.7721
1.7718
1.7715
1.7712
1.7709
1.7705
1.7702
1.7699
1.7696
1.7693
1.769
1.7687
1.7683
1.768
1.7677
1.7674
1.7671
1.7668
1.7665
1.7662
1.7658
1.7655
1.7652
1.7649
1.7646
1.7643
1.764
1.7637
1.7634
1.763
1.7627
1.7624
1.7621
1.7618
1.7615
1.7612
1.7609
1.7606
1.7603
1.7599
1.7596
1.7593
1.759
1.7587
1.7584
1.7581
1.7578
1.7575
1.7572
1.7569
1.7565
1.7562
1.7559
1.7556
1.7553
1.755
1.7547
1.7544
1.7541
1.7538
1.7535
1.7532
1.7528
1.7525
1.7522
1.7519
1.7516
1.7513
1.751
1.7507
1.7504
1.7501
1.7498
1.7495
1.7492
1.7489
1.7486
1.7483
1.7479
1.7476
1.7473
1.747
1.7467
1.7464
1.7461
1.7458
1.7455
1.7452
1.7449
1.7446
1.7443
1.744
1.7437
1.7434
1.7431
1.7428
1.7425
1.7422
1.7419
1.7416
1.7413
1.7409
1.7406
1.7403
1.74
1.7397
1.7394
1.7391
1.7388
1.7385
1.7382
1.7379
1.7376
1.7373
1.737
1.7367
1.7364
1.7361
1.7358
1.7355
1.7352
1.7349
1.7346
1.7343
1.734
1.7337
1.7334
1.7331
1.7328
1.7325
1.7322
1.7319
1.7316
1.7313
1.731
1.7307
1.7304
1.7301
1.7298
1.7295
1.7292
1.7289
1.7286
1.7283
1.728
1.7277
1.7274
1.7271
1.7268
1.7265
1.7262
1.7259
1.7256
1.7253
1.725
1.7247
1.7244
1.7241
1.7238
1.7235
1.7232
1.7229
1.7227
1.7224
1.7221
1.7218
1.7215
1.7212
1.7209
1.7206
1.7203
1.72
1.7197
1.7194
1.7191
1.7188
1.7185
1.7182
1.7179
1.7176
1.7173
1.717
1.7167
1.7164
1.7161
1.7159
1.7156
1.7153
1.715
1.7147
1.7144
1.7141
1.7138
1.7135
1.7132
1.7129
1.7126
1.7123
1.712
1.7117
1.7114
1.7112
1.7109
1.7106
1.7103
1.71
1.7097
1.7094
1.7091
1.7088
1.7085
1.7082
1.7079
1.7077
1.7074
1.7071
1.7068
1.7065
1.7062
1.7059
1.7056
1.7053
1.705
1.7047
1.7044
1.7042
1.7039
1.7036
1.7033
1.703
1.7027
1.7024
1.7021
1.7018
1.7015
1.7013
1.701
1.7007
1.7004
1.7001
1.6998
1.6995
1.6992
1.6989
1.6987
1.6984
1.6981
1.6978
1.6975
1.6972
1.6969
1.6966
1.6964
1.6961
1.6958
1.6955
1.6952
1.6949
1.6946
1.6943
1.6941
1.6938
1.6935
1.6932
1.6929
1.6926
1.6923
1.692
1.6918
1.6915
1.6912
1.6909
1.6906
1.6903
1.69
1.6898
1.6895
1.6892
1.6889
1.6886
1.6883
1.688
1.6878
1.6875
1.6872
1.6869
1.6866
1.6863
1.6861
1.6858
1.6855
1.6852
1.6849
1.6846
1.6844
1.6841
1.6838
1.6835
1.6832
1.6829
1.6827
1.6824
1.6821
1.6818
1.6815
1.6812
1.681
1.6807
1.6804
1.6801
1.6798
1.6795
1.6793
1.679
1.6787
1.6784
1.6781
1.6779
1.6776
1.6773
1.677
1.6767
1.6764
1.6762
1.6759
1.6756
1.6753
1.675
1.6748
1.6745
1.6742
1.6739
1.6736
1.6734
1.6731
1.6728
1.6725
1.6722
1.672
1.6717
1.6714
1.6711
1.6708
1.6706
1.6703
1.67
1.6697
1.6694
1.6692
1.6689
1.6686
1.6683
1.6681
1.6678
1.6675
1.6672
1.6669
1.6667
1.6664
1.6661
1.6658
1.6656
1.6653
1.665
1.6647
1.6644
1.6642
1.6639
1.6636
1.6633
1.6631
1.6628
1.6625
1.6622
1.662
1.6617
1.6614
1.6611
1.6609
1.6606
1.6603
1.66
1.6598
1.6595
1.6592
1.6589
1.6586
1.6584
1.6581
1.6578
1.6576
1.6573
1.657
1.6567
1.6565
1.6562
1.6559
1.6556
1.6554
1.6551
1.6548
1.6545
1.6543
1.654
1.6537
1.6534
1.6532
1.6529
1.6526
1.6523
1.6521
1.6518
1.6515
1.6513
1.651
1.6507
1.6504
1.6502
1.6499
1.6496
1.6493
1.6491
1.6488
1.6485
1.6483
1.648
1.6477
1.6474
1.6472
1.6469
1.6466
1.6464
1.6461
1.6458
1.6455
1.6453
1.645
1.6447
1.6445
1.6442
1.6439
1.6437
1.6434
1.6431
1.6428
1.6426
1.6423
1.642
1.6418
1.6415
1.6412
1.641
1.6407
1.6404
1.6402
1.6399
1.6396
1.6393
1.6391
1.6388
1.6385
1.6383
1.638
1.6377
1.6375
1.6372
1.6369
1.6367
1.6364
1.6361
1.6359
1.6356
1.6353
1.6351
1.6348
1.6345
1.6343
1.634
1.6337
1.6335
1.6332
1.6329
1.6327
1.6324
1.6321
1.6319
1.6316
1.6313
1.6311
1.6308
1.6305
1.6303
1.63
1.6297
1.6295
1.6292
1.6289
1.6287
1.6284
1.6281
1.6279
1.6276
1.6273
1.6271
1.6268
1.6265
1.6263
1.626
1.6258
1.6255
1.6252
1.625
1.6247
1.6244
1.6242
1.6239
1.6236
1.6234
1.6231
1.6228
1.6226
1.6223
1.6221
1.6218
1.6215
1.6213
1.621
1.6207
1.6205
1.6202
1.62
1.6197
1.6194
1.6192
1.6189
1.6186
1.6184
1.6181
1.6179
1.6176
1.6173
1.6171
1.6168
1.6166
1.6163
1.616
1.6158
1.6155
1.6152
1.615
1.6147
1.6145
1.6142
1.6139
1.6137
1.6134
1.6132
1.6129
1.6126
1.6124
1.6121
1.6119
1.6116
1.6113
1.6111
1.6108
1.6106
1.6103
1.61
1.6098
1.6095
1.6093
1.609
1.6088
1.6085
1.6082
1.608
1.6077
1.6075
1.6072
1.6069
1.6067
1.6064
1.6062
1.6059
1.6057
1.6054
1.6051
1.6049
1.6046
1.6044
1.6041
1.6038
1.6036
1.6033
1.6031
1.6028
1.6026
1.6023
1.6021
1.6018
1.6015
1.6013
1.601
1.6008
1.6005
1.6003
1.6
1.5997
1.5995
1.5992
1.599
1.5987
1.5985
1.5982
1.598
1.5977
1.5974
1.5972
1.5969
1.5967
1.5964
1.5962
1.5959
1.5957
1.5954
1.5952
1.5949
1.5946
1.5944
1.5941
1.5939
1.5936
1.5934
1.5931
1.5929
1.5926
1.5924
1.5921
1.5918
1.5916
1.5913
1.5911
1.5908
1.5906
1.5903
1.5901
1.5898
1.5896
1.5893
1.5891
1.5888
1.5886
1.5883
1.5881
1.5878
1.5876
1.5873
1.587
1.5868
1.5865
1.5863
1.586
1.5858
1.5855
1.5853
1.585
1.5848
1.5845
1.5843
1.584
1.5838
1.5835
1.5833
1.583
1.5828
1.5825
1.5823
1.582
1.5818
1.5815
1.5813
1.581
1.5808
1.5805
1.5803
1.58
1.5798
1.5795
1.5793
1.579
1.5788
1.5785
1.5783
1.578
1.5778
1.5775
1.5773
1.577
1.5768
1.5765
1.5763
1.576
1.5758
1.5755
1.5753
1.5751
1.5748
1.5746
1.5743
1.5741
1.5738
1.5736
1.5733
1.5731
1.5728
1.5726
1.5723
1.5721
1.5718
1.5716
1.5713
1.5711
1.5708
1.5706
1.5704
1.5701
1.5699
1.5696
1.5694
1.5691
1.5689
1.5686
1.5684
1.5681
1.5679
1.5676
1.5674
1.5672
1.5669
1.5667
1.5664
1.5662
1.5659
1.5657
1.5654
1.5652
1.5649
1.5647
1.5645
1.5642
1.564
1.5637
1.5635
1.5632
1.563
1.5627
1.5625
1.5623
1.562
1.5618
1.5615
1.5613
1.561
1.5608
1.5605
1.5603
1.5601
1.5598
1.5596
1.5593
1.5591
1.5588
1.5586
1.5584
1.5581
1.5579
1.5576
1.5574
1.5571
1.5569
1.5567
1.5564
1.5562
1.5559
1.5557
1.5555
1.5552
1.555
1.5547
1.5545
1.5542
1.554
1.5538
1.5535
1.5533
1.553
1.5528
1.5526
1.5523
1.5521
1.5518
1.5516
1.5513
1.5511
1.5509
1.5506
1.5504
1.5501
1.5499
1.5497
1.5494
1.5492
1.5489
1.5487
1.5485
1.5482
1.548
1.5477
1.5475
1.5473
1.547
1.5468
1.5466
1.5463
1.5461
1.5458
1.5456
1.5454
1.5451
1.5449
1.5446
1.5444
1.5442
1.5439
1.5437
1.5434
1.5432
1.543
1.5427
1.5425
1.5423
1.542
1.5418
1.5415
1.5413
1.5411
1.5408
1.5406
1.5404
1.5401
1.5399
1.5396
1.5394
1.5392
1.5389
1.5387
1.5385
1.5382
1.538
1.5378
1.5375
1.5373
1.537
1.5368
1.5366
1.5363
1.5361
1.5359
1.5356
1.5354
1.5352
1.5349
1.5347
1.5344
1.5342
1.534
1.5337
1.5335
1.5333
1.533
1.5328
1.5326
1.5323
1.5321
1.5319
1.5316
1.5314
1.5312
1.5309
1.5307
1.5305
1.5302
1.53
1.5298
1.5295
1.5293
1.5291
1.5288
1.5286
1.5284
1.5281
1.5279
1.5277
1.5274
1.5272
1.527
1.5267
1.5265
1.5263
1.526
1.5258
1.5256
1.5253
1.5251
1.5249
1.5246
1.5244
1.5242
1.5239
1.5237
1.5235
1.5232
1.523
1.5228
1.5225
1.5223
1.5221
1.5218
1.5216
1.5214
1.5211
1.5209
1.5207
1.5205
1.5202
1.52
1.5198
1.5195
1.5193
1.5191
1.5188
1.5186
1.5184
1.5181
1.5179
1.5177
1.5175
1.5172
1.517
1.5168
1.5165
1.5163
1.5161
1.5158
1.5156
1.5154
1.5152
1.5149
1.5147
1.5145
1.5142
1.514
1.5138
1.5135
1.5133
1.5131
1.5129
1.5126
1.5124
1.5122
1.5119
1.5117
1.5115
1.5113
1.511
1.5108
1.5106
1.5103
1.5101
1.5099
1.5097
1.5094
1.5092
1.509
1.5088
1.5085
1.5083
1.5081
1.5078
1.5076
1.5074
1.5072
1.5069
1.5067
1.5065
1.5063
1.506
1.5058
1.5056
1.5053
1.5051
1.5049
1.5047
1.5044
1.5042
1.504
1.5038
1.5035
1.5033
1.5031
1.5029
1.5026
1.5024
1.5022
1.502
1.5017
1.5015
1.5013
1.5011
1.5008
1.5006
1.5004
1.5002
1.4999
1.4997
1.4995
1.4993
1.499
1.4988
1.4986
1.4984
1.4981
1.4979
1.4977
1.4975
1.4972
1.497
1.4968
1.4966
1.4963
1.4961
1.4959
1.4957
1.4954
1.4952
1.495
1.4948
1.4945
1.4943
1.4941
1.4939
1.4937
1.4934
1.4932
1.493
1.4928
1.4925
1.4923
1.4921
1.4919
1.4916
1.4914
1.4912
1.491
1.4908
1.4905
1.4903
1.4901
1.4899
1.4896
1.4894
1.4892
1.489
1.4888
1.4885
1.4883
1.4881
1.4879
1.4877
1.4874
1.4872
1.487
1.4868
1.4865
1.4863
1.4861
1.4859
1.4857
1.4854
1.4852
1.485
1.4848
1.4846
1.4843
1.4841
1.4839
1.4837
1.4835
1.4832
1.483
1.4828
1.4826
1.4824
1.4821
1.4819
1.4817
1.4815
1.4813
1.481
1.4808
1.4806
1.4804
1.4802
1.4799
1.4797
1.4795
1.4793
1.4791
1.4789
1.4786
1.4784
1.4782
1.478
1.4778
1.4775
1.4773
1.4771
1.4769
1.4767
1.4765
1.4762
1.476
1.4758
1.4756
1.4754
1.4751
1.4749
1.4747
1.4745
1.4743
1.4741
1.4738
1.4736
1.4734
1.4732
1.473
1.4728
1.4725
1.4723
1.4721
1.4719
1.4717
1.4715
1.4712
1.471
1.4708
1.4706
1.4704
1.4702
1.4699
1.4697
1.4695
1.4693
1.4691
1.4689
1.4686
1.4684
1.4682
1.468
1.4678
1.4676
1.4674
1.4671
1.4669
1.4667
1.4665
1.4663
1.4661
1.4658
1.4656
1.4654
1.4652
1.465
1.4648
1.4646
1.4643
1.4641
1.4639
1.4637
1.4635
1.4633
1.4631
1.4628
1.4626
1.4624
1.4622
1.462
1.4618
1.4616
1.4613
1.4611
1.4609
1.4607
1.4605
1.4603
1.4601
1.4599
1.4596
1.4594
1.4592
1.459
1.4588
1.4586
1.4584
1.4582
1.4579
1.4577
1.4575
1.4573
1.4571
1.4569
1.4567
1.4565
1.4562
1.456
1.4558
1.4556
1.4554
1.4552
1.455
1.4548
1.4545
1.4543
1.4541
1.4539
1.4537
1.4535
1.4533
1.4531
1.4529
1.4526
1.4524
1.4522
1.452
1.4518
1.4516
1.4514
1.4512
1.451
1.4507
1.4505
1.4503
1.4501
1.4499
1.4497
1.4495
1.4493
1.4491
1.4489
1.4486
1.4484
1.4482
1.448
1.4478
1.4476
1.4474
1.4472
1.447
1.4468
1.4465
1.4463
1.4461
1.4459
1.4457
1.4455
1.4453
1.4451
1.4449
1.4447
1.4445
1.4443
1.444
1.4438
1.4436
1.4434
1.4432
1.443
1.4428
1.4426
1.4424
1.4422
1.442
1.4418
1.4415
1.4413
1.4411
1.4409
1.4407
1.4405
1.4403
1.4401
1.4399
1.4397
1.4395
1.4393
1.4391
1.4388
1.4386
1.4384
1.4382
1.438
1.4378
1.4376
1.4374
1.4372
1.437
1.4368
1.4366
1.4364
1.4362
1.436
1.4358
1.4355
1.4353
1.4351
1.4349
1.4347
1.4345
1.4343
1.4341
1.4339
1.4337
1.4335
1.4333
1.4331
1.4329
1.4327
1.4325
1.4323
1.432
1.4318
1.4316
1.4314
1.4312
1.431
1.4308
1.4306
1.4304
1.4302
1.43
1.4298
1.4296
1.4294
1.4292
1.429
1.4288
1.4286
1.4284
1.4282
1.428
1.4278
1.4276
1.4273
1.4271
1.4269
1.4267
1.4265
1.4263
1.4261
1.4259
1.4257
1.4255
1.4253
1.4251
1.4249
1.4247
1.4245
1.4243
1.4241
1.4239
1.4237
1.4235
1.4233
1.4231
1.4229
1.4227
1.4225
1.4223
1.4221
1.4219
1.4217
1.4215
1.4213
1.4211
1.4209
1.4207
1.4205
1.4203
1.4201
1.4198
1.4196
1.4194
1.4192
1.419
1.4188
1.4186
1.4184
1.4182
1.418
1.4178
1.4176
1.4174
1.4172
1.417
1.4168
1.4166
1.4164
1.4162
1.416
1.4158
1.4156
1.4154
1.4152
1.415
1.4148
1.4146
1.4144
1.4142
1.414
1.4138
1.4136
1.4134
1.4132
1.413
1.4128
1.4126
1.4124
1.4122
1.412
1.4118
1.4116
1.4114
1.4112
1.411
1.4108
1.4106
1.4104
1.4102
1.41
1.4098
1.4096
1.4094
1.4092
1.409
1.4088
1.4086
1.4085
1.4083
1.4081
1.4079
1.4077
1.4075
1.4073
1.4071
1.4069
1.4067
1.4065
1.4063
1.4061
1.4059
1.4057
1.4055
1.4053
1.4051
1.4049
1.4047
1.4045
1.4043
1.4041
1.4039
1.4037
1.4035
1.4033
1.4031
1.4029
1.4027
1.4025
1.4023
1.4021
1.4019
1.4017
1.4015
1.4013
1.4011
1.401
1.4008
1.4006
1.4004
1.4002
1.4
1.3998
1.3996
1.3994
1.3992
1.399
1.3988
1.3986
1.3984
1.3982
1.398
1.3978
1.3976
1.3974
1.3972
1.397
1.3968
1.3966
1.3965
1.3963
1.3961
1.3959
1.3957
1.3955
1.3953
1.3951
1.3949
1.3947
1.3945
1.3943
1.3941
1.3939
1.3937
1.3935
1.3933
1.3931
1.393
1.3928
1.3926
1.3924
1.3922
1.392
1.3918
1.3916
1.3914
1.3912
1.391
1.3908
1.3906
1.3904
1.3902
1.39
1.3899
1.3897
1.3895
1.3893
1.3891
1.3889
1.3887
1.3885
1.3883
1.3881
1.3879
1.3877
1.3875
1.3873
1.3872
1.387
1.3868
1.3866
1.3864
1.3862
1.386
1.3858
1.3856
1.3854
1.3852
1.385
1.3848
1.3847
1.3845
1.3843
1.3841
1.3839
1.3837
1.3835
1.3833
1.3831
1.3829
1.3827
1.3826
1.3824
1.3822
1.382
1.3818
1.3816
1.3814
1.3812
1.381
1.3808
1.3806
1.3805
1.3803
1.3801
1.3799
1.3797
1.3795
1.3793
1.3791
1.3789
1.3787
1.3785
1.3784
1.3782
1.378
1.3778
1.3776
1.3774
1.3772
1.377
1.3768
1.3767
1.3765
1.3763
1.3761
1.3759
1.3757
1.3755
1.3753
1.3751
1.3749
1.3748
1.3746
1.3744
1.3742
1.374
1.3738
1.3736
1.3734
1.3732
1.3731
1.3729
1.3727
1.3725
1.3723
1.3721
1.3719
1.3717
1.3716
1.3714
1.3712
1.371
1.3708
1.3706
1.3704
1.3702
1.3701
1.3699
1.3697
1.3695
1.3693
1.3691
1.3689
1.3687
1.3686
1.3684
1.3682
1.368
1.3678
1.3676
1.3674
1.3672
1.3671
1.3669
1.3667
1.3665
1.3663
1.3661
1.3659
1.3657
1.3656
1.3654
1.3652
1.365
1.3648
1.3646
1.3644
1.3643
1.3641
1.3639
1.3637
1.3635
1.3633
1.3631
1.363
1.3628
1.3626
1.3624
1.3622
1.362
1.3618
1.3617
1.3615
1.3613
1.3611
1.3609
1.3607
1.3605
1.3604
1.3602
1.36
1.3598
1.3596
1.3594
1.3592
1.3591
1.3589
1.3587
1.3585
1.3583
1.3581
1.358
1.3578
1.3576
1.3574
1.3572
1.357
1.3569
1.3567
1.3565
1.3563
1.3561
1.3559
1.3557
1.3556
1.3554
1.3552
1.355
1.3548
1.3546
1.3545
1.3543
1.3541
1.3539
1.3537
1.3535
1.3534
1.3532
1.353
1.3528
1.3526
1.3524
1.3523
1.3521
1.3519
1.3517
1.3515
1.3514
1.3512
1.351
1.3508
1.3506
1.3504
1.3503
1.3501
1.3499
1.3497
1.3495
1.3493
1.3492
1.349
1.3488
1.3486
1.3484
1.3483
1.3481
1.3479
1.3477
1.3475
1.3473
1.3472
1.347
1.3468
1.3466
1.3464
1.3463
1.3461
1.3459
1.3457
1.3455
1.3454
1.3452
1.345
1.3448
1.3446
1.3444
1.3443
1.3441
1.3439
1.3437
1.3435
1.3434
1.3432
1.343
1.3428
1.3426
1.3425
1.3423
1.3421
1.3419
1.3417
1.3416
1.3414
1.3412
1.341
1.3408
1.3407
1.3405
1.3403
1.3401
1.3399
1.3398
1.3396
1.3394
1.3392
1.339
1.3389
1.3387
1.3385
1.3383
1.3382
1.338
1.3378
1.3376
1.3374
1.3373
1.3371
1.3369
1.3367
1.3365
1.3364
1.3362
1.336
1.3358
1.3356
1.3355
1.3353
1.3351
1.3349
1.3348
1.3346
1.3344
1.3342
1.334
1.3339
1.3337
1.3335
1.3333
1.3332
1.333
1.3328
1.3326
1.3324
1.3323
1.3321
1.3319
1.3317
1.3316
1.3314
1.3312
1.331
1.3308
1.3307
1.3305
1.3303
1.3301
1.33
1.3298
1.3296
1.3294
1.3293
1.3291
1.3289
1.3287
1.3286
1.3284
1.3282
1.328
1.3278
1.3277
1.3275
1.3273
1.3271
1.327
1.3268
1.3266
1.3264
1.3263
1.3261
1.3259
1.3257
1.3256
1.3254
1.3252
1.325
1.3249
1.3247
1.3245
1.3243
1.3242
1.324
1.3238
1.3236
1.3235
1.3233
1.3231
1.3229
1.3228
1.3226
1.3224
1.3222
1.3221
1.3219
1.3217
1.3215
1.3214
1.3212
1.321
1.3208
1.3207
1.3205
1.3203
1.3201
1.32
1.3198
1.3196
1.3194
1.3193
1.3191
1.3189
1.3187
1.3186
1.3184
1.3182
1.318
1.3179
1.3177
1.3175
1.3173
1.3172
1.317
1.3168
1.3167
1.3165
1.3163
1.3161
1.316
1.3158
1.3156
1.3154
1.3153
1.3151
1.3149
1.3148
1.3146
1.3144
1.3142
1.3141
1.3139
1.3137
1.3135
1.3134
1.3132
1.313
1.3129
1.3127
1.3125
1.3123
1.3122
1.312
1.3118
1.3116
1.3115
1.3113
1.3111
1.311
1.3108
1.3106
1.3104
1.3103
1.3101
1.3099
1.3098
1.3096
1.3094
1.3092
1.3091
1.3089
1.3087
1.3086
1.3084
1.3082
1.308
1.3079
1.3077
1.3075
1.3074
1.3072
1.307
1.3068
1.3067
1.3065
1.3063
1.3062
1.306
1.3058
1.3057
1.3055
1.3053
1.3051
1.305
1.3048
1.3046
1.3045
1.3043
1.3041
1.304
1.3038
1.3036
1.3034
1.3033
1.3031
1.3029
1.3028
1.3026
1.3024
1.3023
1.3021
1.3019
1.3017
1.3016
1.3014
1.3012
1.3011
1.3009
1.3007
1.3006
1.3004
1.3002
1.3001
1.2999
1.2997
1.2995
1.2994
1.2992
1.299
1.2989
1.2987
1.2985
1.2984
1.2982
1.298
1.2979
1.2977
1.2975
1.2974
1.2972
1.297
1.2968
1.2967
1.2965
1.2963
1.2962
1.296
1.2958
1.2957
1.2955
1.2953
1.2952
1.295
1.2948
1.2947
1.2945
1.2943
1.2942
1.294
1.2938
1.2937
1.2935
1.2933
1.2932
1.293
1.2928
1.2927
1.2925
1.2923
1.2922
1.292
1.2918
1.2917
1.2915
1.2913
1.2912
1.291
1.2908
1.2907
1.2905
1.2903
1.2902
1.29
1.2898
1.2897
1.2895
1.2893
1.2892
1.289
1.2888
1.2887
1.2885
1.2883
1.2882
1.288
1.2878
1.2877
1.2875
1.2873
1.2872
1.287
1.2868
1.2867
1.2865
1.2863
1.2862
1.286
1.2858
1.2857
1.2855
1.2853
1.2852
1.285
1.2849
1.2847
1.2845
1.2844
1.2842
1.284
1.2839
1.2837
1.2835
1.2834
1.2832
1.283
1.2829
1.2827
1.2825
1.2824
1.2822
1.2821
1.2819
1.2817
1.2816
1.2814
1.2812
1.2811
1.2809
1.2807
1.2806
1.2804
1.2802
1.2801
1.2799
1.2798
1.2796
1.2794
1.2793
1.2791
1.2789
1.2788
1.2786
1.2784
1.2783
1.2781
1.278
1.2778
1.2776
1.2775
1.2773
1.2771
1.277
1.2768
1.2767
1.2765
1.2763
1.2762
1.276
1.2758
1.2757
1.2755
1.2753
1.2752
1.275
1.2749
1.2747
1.2745
1.2744
1.2742
1.274
1.2739
1.2737
1.2736
1.2734
1.2732
1.2731
1.2729
1.2728
1.2726
1.2724
1.2723
1.2721
1.2719
1.2718
1.2716
1.2715
1.2713
1.2711
1.271
1.2708
1.2706
1.2705
1.2703
1.2702
1.27
1.2698
1.2697
1.2695
1.2694
1.2692
1.269
1.2689
1.2687
1.2686
1.2684
1.2682
1.2681
1.2679
1.2677
1.2676
1.2674
1.2673
1.2671
1.2669
1.2668
1.2666
1.2665
1.2663
1.2661
1.266
1.2658
1.2657
1.2655
1.2653
1.2652
1.265
1.2649
1.2647
1.2645
1.2644
1.2642
1.2641
1.2639
1.2637
1.2636
1.2634
1.2633
1.2631
1.2629
1.2628
1.2626
1.2625
1.2623
1.2621
1.262
1.2618
1.2617
1.2615
1.2614
1.2612
1.261
1.2609
1.2607
1.2606
1.2604
1.2602
1.2601
1.2599
1.2598
1.2596
1.2594
1.2593
1.2591
1.259
1.2588
1.2587
1.2585
1.2583
1.2582
1.258
1.2579
1.2577
1.2575
1.2574
1.2572
1.2571
1.2569
1.2568
1.2566
1.2564
1.2563
1.2561
1.256
1.2558
1.2557
1.2555
1.2553
1.2552
1.255
1.2549
1.2547
1.2545
1.2544
1.2542
1.2541
1.2539
1.2538
1.2536
1.2534
1.2533
1.2531
1.253
1.2528
1.2527
1.2525
1.2523
1.2522
1.252
1.2519
1.2517
1.2516
1.2514
1.2513
1.2511
1.2509
1.2508
1.2506
1.2505
1.2503
1.2502
1.25
1.2498
1.2497
1.2495
1.2494
1.2492
1.2491
1.2489
1.2488
1.2486
1.2484
1.2483
1.2481
1.248
1.2478
1.2477
1.2475
1.2473
1.2472
1.247
1.2469
1.2467
1.2466
1.2464
1.2463
1.2461
1.246
1.2458
1.2456
1.2455
1.2453
1.2452
1.245
1.2449
1.2447
1.2446
1.2444
1.2442
1.2441
1.2439
1.2438
1.2436
1.2435
1.2433
1.2432
1.243
1.2429
1.2427
1.2425
1.2424
1.2422
1.2421
1.2419
1.2418
1.2416
1.2415
1.2413
1.2412
1.241
1.2408
1.2407
1.2405
1.2404
1.2402
1.2401
1.2399
1.2398
1.2396
1.2395
1.2393
1.2392
1.239
1.2389
1.2387
1.2385
1.2384
1.2382
1.2381
1.2379
1.2378
1.2376
1.2375
1.2373
1.2372
1.237
1.2369
1.2367
1.2366
1.2364
1.2362
1.2361
1.2359
1.2358
1.2356
1.2355
1.2353
1.2352
1.235
1.2349
1.2347
1.2346
1.2344
1.2343
1.2341
1.234
1.2338
1.2337
1.2335
1.2333
1.2332
1.233
1.2329
1.2327
1.2326
1.2324
1.2323
1.2321
1.232
1.2318
1.2317
1.2315
1.2314
1.2312
1.2311
1.2309
1.2308
1.2306
1.2305
1.2303
1.2302
1.23
1.2299
1.2297
1.2296
1.2294
1.2293
1.2291
1.229
1.2288
1.2287
1.2285
1.2284
1.2282
1.228
1.2279
1.2277
1.2276
1.2274
1.2273
1.2271
1.227
1.2268
1.2267
1.2265
1.2264
1.2262
1.2261
1.2259
1.2258
1.2256
1.2255
1.2253
1.2252
1.225
1.2249
1.2247
1.2246
1.2244
1.2243
1.2241
1.224
1.2238
1.2237
1.2235
1.2234
1.2232
1.2231
1.2229
1.2228
1.2226
1.2225
1.2223
1.2222
1.222
1.2219
1.2217
1.2216
1.2214
1.2213
1.2212
1.221
1.2209
1.2207
1.2206
1.2204
1.2203
1.2201
1.22
1.2198
1.2197
1.2195
1.2194
1.2192
1.2191
1.2189
1.2188
1.2186
1.2185
1.2183
1.2182
1.218
1.2179
1.2177
1.2176
1.2174
1.2173
1.2171
1.217
1.2168
1.2167
1.2165
1.2164
1.2162
1.2161
1.216
1.2158
1.2157
1.2155
1.2154
1.2152
1.2151
1.2149
1.2148
1.2146
1.2145
1.2143
1.2142
1.214
1.2139
1.2137
1.2136
1.2134
1.2133
1.2132
1.213
1.2129
1.2127
1.2126
1.2124
1.2123
1.2121
1.212
1.2118
1.2117
1.2115
1.2114
1.2112
1.2111
1.2109
1.2108
1.2107
1.2105
1.2104
1.2102
1.2101
1.2099
1.2098
1.2096
1.2095
1.2093
1.2092
1.209
1.2089
1.2088
1.2086
1.2085
1.2083
1.2082
1.208
1.2079
1.2077
1.2076
1.2074
1.2073
1.2071
1.207
1.2069
1.2067
1.2066
1.2064
1.2063
1.2061
1.206
1.2058
1.2057
1.2055
1.2054
1.2053
1.2051
1.205
1.2048
1.2047
1.2045
1.2044
1.2042
1.2041
1.2039
1.2038
1.2037
1.2035
1.2034
1.2032
1.2031
1.2029
1.2028
1.2026
1.2025
1.2024
1.2022
1.2021
1.2019
1.2018
1.2016
1.2015
1.2013
1.2012
1.2011
1.2009
1.2008
1.2006
1.2005
1.2003
1.2002
1.2
1.1999
1.1998
1.1996
1.1995
1.1993
1.1992
1.199
1.1989
1.1988
1.1986
1.1985
1.1983
1.1982
1.198
1.1979
1.1977
1.1976
1.1975
1.1973
1.1972
1.197
1.1969
1.1967
1.1966
1.1965
1.1963
1.1962
1.196
1.1959
1.1957
1.1956
1.1955
1.1953
1.1952
1.195
1.1949
1.1947
1.1946
1.1945
1.1943
1.1942
1.194
1.1939
1.1937
1.1936
1.1935
1.1933
1.1932
1.193
1.1929
1.1927
1.1926
1.1925
1.1923
1.1922
1.192
1.1919
1.1918
1.1916
1.1915
1.1913
1.1912
1.191
1.1909
1.1908
1.1906
1.1905
1.1903
1.1902
1.1901
1.1899
1.1898
1.1896
1.1895
1.1893
1.1892
1.1891
1.1889
1.1888
1.1886
1.1885
1.1884
1.1882
1.1881
1.1879
1.1878
1.1876
1.1875
1.1874
1.1872
1.1871
1.1869
1.1868
1.1867
1.1865
1.1864
1.1862
1.1861
1.186
1.1858
1.1857
1.1855
1.1854
1.1853
1.1851
1.185
1.1848
1.1847
1.1846
1.1844
1.1843
1.1841
1.184
1.1839
1.1837
1.1836
1.1834
1.1833
1.1832
1.183
1.1829
1.1827
1.1826
1.1825
1.1823
1.1822
1.182
1.1819
1.1818
1.1816
1.1815
1.1813
1.1812
1.1811
1.1809
1.1808
1.1806
1.1805
1.1804
1.1802
1.1801
1.1799
1.1798
1.1797
1.1795
1.1794
1.1792
1.1791
1.179
1.1788
1.1787
1.1786
1.1784
1.1783
1.1781
1.178
1.1779
1.1777
1.1776
1.1774
1.1773
1.1772
1.177
1.1769
1.1767
1.1766
1.1765
1.1763
1.1762
1.1761
1.1759
1.1758
1.1756
1.1755
1.1754
1.1752
1.1751
1.175
1.1748
1.1747
1.1745
1.1744
1.1743
1.1741
1.174
1.1738
1.1737
1.1736
1.1734
1.1733
1.1732
1.173
1.1729
1.1727
1.1726
1.1725
1.1723
1.1722
1.1721
1.1719
1.1718
1.1716
1.1715
1.1714
1.1712
1.1711
1.171
1.1708
1.1707
1.1705
1.1704
1.1703
1.1701
1.17
1.1699
1.1697
1.1696
1.1695
1.1693
1.1692
1.169
1.1689
1.1688
1.1686
1.1685
1.1684
1.1682
1.1681
1.168
1.1678
1.1677
1.1675
1.1674
1.1673
1.1671
1.167
1.1669
1.1667
1.1666
1.1665
1.1663
1.1662
1.166
1.1659
1.1658
1.1656
1.1655
1.1654
1.1652
1.1651
1.165
1.1648
1.1647
1.1646
1.1644
1.1643
1.1641
1.164
1.1639
1.1637
1.1636
1.1635
1.1633
1.1632
1.1631
1.1629
1.1628
1.1627
1.1625
1.1624
1.1623
1.1621
1.162
1.1618
1.1617
1.1616
1.1614
1.1613
1.1612
1.161
1.1609
1.1608
1.1606
1.1605
1.1604
1.1602
1.1601
1.16
1.1598
1.1597
1.1596
1.1594
1.1593
1.1592
1.159
1.1589
1.1587
1.1586
1.1585
1.1583
1.1582
1.1581
1.1579
1.1578
1.1577
1.1575
1.1574
1.1573
1.1571
1.157
1.1569
1.1567
1.1566
1.1565
1.1563
1.1562
1.1561
1.1559
1.1558
1.1557
1.1555
1.1554
1.1553
1.1551
1.155
1.1549
1.1547
1.1546
1.1545
1.1543
1.1542
1.1541
1.1539
1.1538
1.1537
1.1535
1.1534
1.1533
1.1531
1.153
1.1529
1.1527
1.1526
1.1525
1.1523
1.1522
1.1521
1.1519
1.1518
1.1517
1.1515
1.1514
1.1513
1.1511
1.151
1.1509
1.1507
1.1506
1.1505
1.1504
1.1502
1.1501
1.15
1.1498
1.1497
1.1496
1.1494
1.1493
1.1492
1.149
1.1489
1.1488
1.1486
1.1485
1.1484
1.1482
1.1481
1.148
1.1478
1.1477
1.1476
1.1474
1.1473
1.1472
1.1471
1.1469
1.1468
1.1467
1.1465
1.1464
1.1463
1.1461
1.146
1.1459
1.1457
1.1456
1.1455
1.1453
1.1452
1.1451
1.145
1.1448
1.1447
1.1446
1.1444
1.1443
1.1442
1.144
1.1439
1.1438
1.1436
1.1435
1.1434
1.1432
1.1431
1.143
1.1429
1.1427
1.1426
1.1425
1.1423
1.1422
1.1421
1.1419
1.1418
1.1417
1.1416
1.1414
1.1413
1.1412
1.141
1.1409
1.1408
1.1406
1.1405
1.1404
1.1403
1.1401
1.14
1.1399
1.1397
1.1396
1.1395
1.1393
1.1392
1.1391
1.139
1.1388
1.1387
1.1386
1.1384
1.1383
1.1382
1.138
1.1379
1.1378
1.1377
1.1375
1.1374
1.1373
1.1371
1.137
1.1369
1.1368
1.1366
1.1365
1.1364
1.1362
1.1361
1.136
1.1358
1.1357
1.1356
1.1355
1.1353
1.1352
1.1351
1.1349
1.1348
1.1347
1.1346
1.1344
1.1343
1.1342
1.134
1.1339
1.1338
1.1337
1.1335
1.1334
1.1333
1.1331
1.133
1.1329
1.1328
1.1326
1.1325
1.1324
1.1322
1.1321
1.132
1.1319
1.1317
1.1316
1.1315
1.1313
1.1312
1.1311
1.131
1.1308
1.1307
1.1306
1.1305
1.1303
1.1302
1.1301
1.1299
1.1298
1.1297
1.1296
1.1294
1.1293
1.1292
1.1291
1.1289
1.1288
1.1287
1.1285
1.1284
1.1283
1.1282
1.128
1.1279
1.1278
1.1276
1.1275
1.1274
1.1273
1.1271
1.127
1.1269
1.1268
1.1266
1.1265
1.1264
1.1263
1.1261
1.126
1.1259
1.1257
1.1256
1.1255
1.1254
1.1252
1.1251
1.125
1.1249
1.1247
1.1246
1.1245
1.1244
1.1242
1.1241
1.124
1.1238
1.1237
1.1236
1.1235
1.1233
1.1232
1.1231
1.123
1.1228
1.1227
1.1226
1.1225
1.1223
1.1222
1.1221
1.122
1.1218
1.1217
1.1216
1.1215
1.1213
1.1212
1.1211
1.121
1.1208
1.1207
1.1206
1.1204
1.1203
1.1202
1.1201
1.1199
1.1198
1.1197
1.1196
1.1194
1.1193
1.1192
1.1191
1.1189
1.1188
1.1187
1.1186
1.1184
1.1183
1.1182
1.1181
1.1179
1.1178
1.1177
1.1176
1.1174
1.1173
1.1172
1.1171
1.1169
1.1168
1.1167
1.1166
1.1164
1.1163
1.1162
1.1161
1.1159
1.1158
1.1157
1.1156
1.1154
1.1153
1.1152
1.1151
1.115
1.1148
1.1147
1.1146
1.1145
1.1143
1.1142
1.1141
1.114
1.1138
1.1137
1.1136
1.1135
1.1133
1.1132
1.1131
1.113
1.1128
1.1127
1.1126
1.1125
1.1123
1.1122
1.1121
1.112
1.1119
1.1117
1.1116
1.1115
1.1114
1.1112
1.1111
1.111
1.1109
1.1107
1.1106
1.1105
1.1104
1.1102
1.1101
1.11
1.1099
1.1098
1.1096
1.1095
1.1094
1.1093
1.1091
1.109
1.1089
1.1088
1.1086
1.1085
1.1084
1.1083
1.1082
1.108
1.1079
1.1078
1.1077
1.1075
1.1074
1.1073
1.1072
1.1071
1.1069
1.1068
1.1067
1.1066
1.1064
1.1063
1.1062
1.1061
1.106
1.1058
1.1057
1.1056
1.1055
1.1053
1.1052
1.1051
1.105
1.1049
1.1047
1.1046
1.1045
1.1044
1.1042
1.1041
1.104
1.1039
1.1038
1.1036
1.1035
1.1034
1.1033
1.1031
1.103
1.1029
1.1028
1.1027
1.1025
1.1024
1.1023
1.1022
1.102
1.1019
1.1018
1.1017
1.1016
1.1014
1.1013
1.1012
1.1011
1.101
1.1008
1.1007
1.1006
1.1005
1.1004
1.1002
1.1001
1.1
1.0999
1.0997
1.0996
1.0995
1.0994
1.0993
1.0991
1.099
1.0989
1.0988
1.0987
1.0985
1.0984
1.0983
1.0982
1.0981
1.0979
1.0978
1.0977
1.0976
1.0975
1.0973
1.0972
1.0971
1.097
1.0969
1.0967
1.0966
1.0965
1.0964
1.0963
1.0961
1.096
1.0959
1.0958
1.0957
1.0955
1.0954
1.0953
1.0952
1.0951
1.0949
1.0948
1.0947
1.0946
1.0945
1.0943
1.0942
1.0941
1.094
1.0939
1.0937
1.0936
1.0935
1.0934
1.0933
1.0931
1.093
1.0929
1.0928
1.0927
1.0925
1.0924
1.0923
1.0922
1.0921
1.0919
1.0918
1.0917
1.0916
1.0915
1.0913
1.0912
1.0911
1.091
1.0909
1.0908
1.0906
1.0905
1.0904
1.0903
1.0902
1.09
1.0899
1.0898
1.0897
1.0896
1.0894
1.0893
1.0892
1.0891
1.089
1.0889
1.0887
1.0886
1.0885
1.0884
1.0883
1.0881
1.088
1.0879
1.0878
1.0877
1.0875
1.0874
1.0873
1.0872
1.0871
1.087
1.0868
1.0867
1.0866
1.0865
1.0864
1.0862
1.0861
1.086
1.0859
1.0858
1.0857
1.0855
1.0854
1.0853
1.0852
1.0851
1.085
1.0848
1.0847
1.0846
1.0845
1.0844
1.0842
1.0841
1.084
1.0839
1.0838
1.0837
1.0835
1.0834
1.0833
1.0832
1.0831
1.083
1.0828
1.0827
1.0826
1.0825
1.0824
1.0823
1.0821
1.082
1.0819
1.0818
1.0817
1.0815
1.0814
1.0813
1.0812
1.0811
1.081
1.0808
1.0807
1.0806
1.0805
1.0804
1.0803
1.0801
1.08
1.0799
1.0798
1.0797
1.0796
1.0794
1.0793
1.0792
1.0791
1.079
1.0789
1.0787
1.0786
1.0785
1.0784
1.0783
1.0782
1.0781
1.0779
1.0778
1.0777
1.0776
1.0775
1.0774
1.0772
1.0771
1.077
1.0769
1.0768
1.0767
1.0765
1.0764
1.0763
1.0762
1.0761
1.076
1.0758
1.0757
1.0756
1.0755
1.0754
1.0753
1.0752
1.075
1.0749
1.0748
1.0747
1.0746
1.0745
1.0743
1.0742
1.0741
1.074
1.0739
1.0738
1.0737
1.0735
1.0734
1.0733
1.0732
1.0731
1.073
1.0728
1.0727
1.0726
1.0725
1.0724
1.0723
1.0722
1.072
1.0719
1.0718
1.0717
1.0716
1.0715
1.0714
1.0712
1.0711
1.071
1.0709
1.0708
1.0707
1.0705
1.0704
1.0703
1.0702
1.0701
1.07
1.0699
1.0697
1.0696
1.0695
1.0694
1.0693
1.0692
1.0691
1.0689
1.0688
1.0687
1.0686
1.0685
1.0684
1.0683
1.0681
1.068
1.0679
1.0678
1.0677
1.0676
1.0675
1.0673
1.0672
1.0671
1.067
1.0669
1.0668
1.0667
1.0666
1.0664
1.0663
1.0662
1.0661
1.066
1.0659
1.0658
1.0656
1.0655
1.0654
1.0653
1.0652
1.0651
1.065
1.0648
1.0647
1.0646
1.0645
1.0644
1.0643
1.0642
1.0641
1.0639
1.0638
1.0637
1.0636
1.0635
1.0634
1.0633
1.0632
1.063
1.0629
1.0628
1.0627
1.0626
1.0625
1.0624
1.0622
1.0621
1.062
1.0619
1.0618
1.0617
1.0616
1.0615
1.0613
1.0612
1.0611
1.061
1.0609
1.0608
1.0607
1.0606
1.0604
1.0603
1.0602
1.0601
1.06
1.0599
1.0598
1.0597
1.0595
1.0594
1.0593
1.0592
1.0591
1.059
1.0589
1.0588
1.0586
1.0585
1.0584
1.0583
1.0582
1.0581
1.058
1.0579
1.0578
1.0576
1.0575
1.0574
1.0573
1.0572
1.0571
1.057
1.0569
1.0567
1.0566
1.0565
1.0564
1.0563
1.0562
1.0561
1.056
1.0559
1.0557
1.0556
1.0555
1.0554
1.0553
1.0552
1.0551
1.055
1.0549
1.0547
1.0546
1.0545
1.0544
1.0543
1.0542
1.0541
1.054
1.0539
1.0537
1.0536
1.0535
1.0534
1.0533
1.0532
1.0531
1.053
1.0529
1.0527
1.0526
1.0525
1.0524
1.0523
1.0522
1.0521
1.052
1.0519
1.0517
1.0516
1.0515
1.0514
1.0513
1.0512
1.0511
1.051
1.0509
1.0508
1.0506
1.0505
1.0504
1.0503
1.0502
1.0501
1.05
1.0499
1.0498
1.0496
1.0495
1.0494
1.0493
1.0492
1.0491
1.049
1.0489
1.0488
1.0487
1.0485
1.0484
1.0483
1.0482
1.0481
1.048
1.0479
1.0478
1.0477
1.0476
1.0474
1.0473
1.0472
1.0471
1.047
1.0469
1.0468
1.0467
1.0466
1.0465
1.0464
1.0462
1.0461
1.046
1.0459
1.0458
1.0457
1.0456
1.0455
1.0454
1.0453
1.0452
1.045
1.0449
1.0448
1.0447
1.0446
1.0445
1.0444
1.0443
1.0442
1.0441
1.044
1.0438
1.0437
1.0436
1.0435
1.0434
1.0433
1.0432
1.0431
1.043
1.0429
1.0428
1.0426
1.0425
1.0424
1.0423
1.0422
1.0421
1.042
1.0419
1.0418
1.0417
1.0416
1.0414
1.0413
1.0412
1.0411
1.041
1.0409
1.0408
1.0407
1.0406
1.0405
1.0404
1.0403
1.0401
1.04
1.0399
1.0398
1.0397
1.0396
1.0395
1.0394
1.0393
1.0392
1.0391
1.039
1.0389
1.0387
1.0386
1.0385
1.0384
1.0383
1.0382
1.0381
1.038
1.0379
1.0378
1.0377
1.0376
1.0375
1.0373
1.0372
1.0371
1.037
1.0369
1.0368
1.0367
1.0366
1.0365
1.0364
1.0363
1.0362
1.0361
1.0359
1.0358
1.0357
1.0356
1.0355
1.0354
1.0353
1.0352
1.0351
1.035
1.0349
1.0348
1.0347
1.0346
1.0344
1.0343
1.0342
1.0341
1.034
1.0339
1.0338
1.0337
1.0336
1.0335
1.0334
1.0333
1.0332
1.0331
1.033
1.0328
1.0327
1.0326
1.0325
1.0324
1.0323
1.0322
1.0321
1.032
1.0319
1.0318
1.0317
1.0316
1.0315
1.0314
1.0312
1.0311
1.031
1.0309
1.0308
1.0307
1.0306
1.0305
1.0304
1.0303
1.0302
1.0301
1.03
1.0299
1.0298
1.0297
1.0295
1.0294
1.0293
1.0292
1.0291
1.029
1.0289
1.0288
1.0287
1.0286
1.0285
1.0284
1.0283
1.0282
1.0281
1.028
1.0279
1.0277
1.0276
1.0275
1.0274
1.0273
1.0272
1.0271
1.027
1.0269
1.0268
1.0267
1.0266
1.0265
1.0264
1.0263
1.0262
1.0261
1.026
1.0259
1.0257
1.0256
1.0255
1.0254
1.0253
1.0252
1.0251
1.025
1.0249
1.0248
1.0247
1.0246
1.0245
1.0244
1.0243
1.0242
1.0241
1.024
1.0239
1.0238
1.0236
1.0235
1.0234
1.0233
1.0232
1.0231
1.023
1.0229
1.0228
1.0227
1.0226
1.0225
1.0224
1.0223
1.0222
1.0221
1.022
1.0219
1.0218
1.0217
1.0216
1.0215
1.0213
1.0212
1.0211
1.021
1.0209
1.0208
1.0207
1.0206
1.0205
1.0204
1.0203
1.0202
1.0201
1.02
1.0199
1.0198
1.0197
1.0196
1.0195
1.0194
1.0193
1.0192
1.0191
1.019
1.0188
1.0187
1.0186
1.0185
1.0184
1.0183
1.0182
1.0181
1.018
1.0179
1.0178
1.0177
1.0176
1.0175
1.0174
1.0173
1.0172
1.0171
1.017
1.0169
1.0168
1.0167
1.0166
1.0165
1.0164
1.0163
1.0162
1.0161
1.016
1.0158
1.0157
1.0156
1.0155
1.0154
1.0153
1.0152
1.0151
1.015
1.0149
1.0148
1.0147
1.0146
1.0145
1.0144
1.0143
1.0142
1.0141
1.014
1.0139
1.0138
1.0137
1.0136
1.0135
1.0134
1.0133
1.0132
1.0131
1.013
1.0129
1.0128
1.0127
1.0126
1.0125
1.0124
1.0122
1.0121
1.012
1.0119
1.0118
1.0117
1.0116
1.0115
1.0114
1.0113
1.0112
1.0111
1.011
1.0109
1.0108
1.0107
1.0106
1.0105
1.0104
1.0103
1.0102
1.0101
1.01
1.0099
1.0098
1.0097
1.0096
1.0095
1.0094
1.0093
1.0092
1.0091
1.009
1.0089
1.0088
1.0087
1.0086
1.0085
1.0084
1.0083
1.0082
1.0081
1.008
1.0079
1.0078
1.0077
1.0076
1.0075
1.0074
1.0073
1.0072
1.007
1.0069
1.0068
1.0067
1.0066
1.0065
1.0064
1.0063
1.0062
1.0061
1.006
1.0059
1.0058
1.0057
1.0056
1.0055
1.0054
1.0053
1.0052
1.0051
1.005
1.0049
1.0048
1.0047
1.0046
1.0045
1.0044
1.0043
1.0042
1.0041
1.004
1.0039
1.0038
1.0037
1.0036
1.0035
1.0034
1.0033
1.0032
1.0031
1.003
1.0029
1.0028
1.0027
1.0026
1.0025
1.0024
1.0023
1.0022
1.0021
1.002
1.0019
1.0018
1.0017
1.0016
1.0015
1.0014
1.0013
1.0012
1.0011
1.001
1.0009
1.0008
1.0007
1.0006
1.0005
1.0004
1.0003
1.0002
1.0001
1
0.9999
0.9998
0.9997
0.9996
0.9995
0.9994
0.9993
0.9992
0.9991
0.999
0.9989
0.9988
0.9987
0.9986
0.9985
0.9984
0.9983
0.9982
0.9981
0.998
0.9979
0.9978
0.99771
0.99761
0.99751
0.99741
0.99731
0.99721
0.99711
0.99701
0.99691
0.99681
0.99671
0.99661
0.99651
0.99641
0.99631
0.99621
0.99612
0.99602
0.99592
0.99582
0.99572
0.99562
0.99552
0.99542
0.99532
0.99522
0.99512
0.99502
0.99493
0.99483
0.99473
0.99463
0.99453
0.99443
0.99433
0.99423
0.99413
0.99404
0.99394
0.99384
0.99374
0.99364
0.99354
0.99344
0.99334
0.99325
0.99315
0.99305
0.99295
0.99285
0.99275
0.99265
0.99256
0.99246
0.99236
0.99226
0.99216
0.99206
0.99197
0.99187
0.99177
0.99167
0.99157
0.99147
0.99138
0.99128
0.99118
0.99108
0.99098
0.99088
0.99079
0.99069
0.99059
0.99049
0.99039
0.9903
0.9902
0.9901
0.99
0.9899
0.98981
0.98971
0.98961
0.98951
0.98941
0.98932
0.98922
0.98912
0.98902
0.98892
0.98883
0.98873
0.98863
0.98853
0.98844
0.98834
0.98824
0.98814
0.98804
0.98795
0.98785
0.98775
0.98765
0.98756
0.98746
0.98736
0.98726
0.98717
0.98707
0.98697
0.98687
0.98678
0.98668
0.98658
0.98649
0.98639
0.98629
0.98619
0.9861
0.986
0.9859
0.9858
0.98571
0.98561
0.98551
0.98542
0.98532
0.98522
0.98512
0.98503
0.98493
0.98483
0.98474
0.98464
0.98454
0.98445
0.98435
0.98425
0.98416
0.98406
0.98396
0.98386
0.98377
0.98367
0.98357
0.98348
0.98338
0.98328
0.98319
0.98309
0.98299
0.9829
0.9828
0.9827
0.98261
0.98251
0.98241
0.98232
0.98222
0.98213
0.98203
0.98193
0.98184
0.98174
0.98164
0.98155
0.98145
0.98135
0.98126
0.98116
0.98107
0.98097
0.98087
0.98078
0.98068
0.98058
0.98049
0.98039
0.9803
0.9802
0.9801
0.98001
0.97991
0.97982
0.97972
0.97962
0.97953
0.97943
0.97934
0.97924
0.97914
0.97905
0.97895
0.97886
0.97876
0.97867
0.97857
0.97847
0.97838
0.97828
0.97819
0.97809
0.978
0.9779
0.9778
0.97771
0.97761
0.97752
0.97742
0.97733
0.97723
0.97714
0.97704
0.97694
0.97685
0.97675
0.97666
0.97656
0.97647
0.97637
0.97628
0.97618
0.97609
0.97599
0.9759
0.9758
0.9757
0.97561
0.97551
0.97542
0.97532
0.97523
0.97513
0.97504
0.97494
0.97485
0.97475
0.97466
0.97456
0.97447
0.97437
0.97428
0.97418
0.97409
0.97399
0.9739
0.9738
0.97371
0.97362
0.97352
0.97343
0.97333
0.97324
0.97314
0.97305
0.97295
0.97286
0.97276
0.97267
0.97257
0.97248
0.97238
0.97229
0.9722
0.9721
0.97201
0.97191
0.97182
0.97172
0.97163
0.97153
0.97144
0.97135
0.97125
0.97116
0.97106
0.97097
0.97087
0.97078
0.97069
0.97059
0.9705
0.9704
0.97031
0.97021
0.97012
0.97003
0.96993
0.96984
0.96974
0.96965
0.96956
0.96946
0.96937
0.96927
0.96918
0.96909
0.96899
0.9689
0.9688
0.96871
0.96862
0.96852
0.96843
0.96834
0.96824
0.96815
0.96805
0.96796
0.96787
0.96777
0.96768
0.96759
0.96749
0.9674
0.96731
0.96721
0.96712
0.96702
0.96693
0.96684
0.96674
0.96665
0.96656
0.96646
0.96637
0.96628
0.96618
0.96609
0.966
0.9659
0.96581
0.96572
0.96562
0.96553
0.96544
0.96534
0.96525
0.96516
0.96506
0.96497
0.96488
0.96479
0.96469
0.9646
0.96451
0.96441
0.96432
0.96423
0.96413
0.96404
0.96395
0.96386
0.96376
0.96367
0.96358
0.96348
0.96339
0.9633
0.96321
0.96311
0.96302
0.96293
0.96283
0.96274
0.96265
0.96256
0.96246
0.96237
0.96228
0.96219
0.96209
0.962
0.96191
0.96182
0.96172
0.96163
0.96154
0.96145
0.96135
0.96126
0.96117
0.96108
0.96098
0.96089
0.9608
0.96071
0.96061
0.96052
0.96043
0.96034
0.96025
0.96015
0.96006
0.95997
0.95988
0.95979
0.95969
0.9596
0.95951
0.95942
0.95932
0.95923
0.95914
0.95905
0.95896
0.95886
0.95877
0.95868
0.95859
0.9585
0.95841
0.95831
0.95822
0.95813
0.95804
0.95795
0.95785
0.95776
0.95767
0.95758
0.95749
0.9574
0.9573
0.95721
0.95712
0.95703
0.95694
0.95685
0.95675
0.95666
0.95657
0.95648
0.95639
0.9563
0.95621
0.95611
0.95602
0.95593
0.95584
0.95575
0.95566
0.95557
0.95547
0.95538
0.95529
0.9552
0.95511
0.95502
0.95493
0.95484
0.95475
0.95465
0.95456
0.95447
0.95438
0.95429
0.9542
0.95411
0.95402
0.95393
0.95383
0.95374
0.95365
0.95356
0.95347
0.95338
0.95329
0.9532
0.95311
0.95302
0.95293
0.95283
0.95274
0.95265
0.95256
0.95247
0.95238
0.95229
0.9522
0.95211
0.95202
0.95193
0.95184
0.95175
0.95166
0.95157
0.95147
0.95138
0.95129
0.9512
0.95111
0.95102
0.95093
0.95084
0.95075
0.95066
0.95057
0.95048
0.95039
0.9503
0.95021
0.95012
0.95003
0.94994
0.94985
0.94976
0.94967
0.94958
0.94949
0.9494
0.94931
0.94922
0.94913
0.94904
0.94895
0.94886
0.94877
0.94868
0.94859
0.9485
0.94841
0.94832
0.94823
0.94814
0.94805
0.94796
0.94787
0.94778
0.94769
0.9476
0.94751
0.94742
0.94733
0.94724
0.94715
0.94706
0.94697
0.94688
0.94679
0.9467
0.94661
0.94652
0.94643
0.94634
0.94625
0.94616
0.94607
0.94598
0.94589
0.94581
0.94572
0.94563
0.94554
0.94545
0.94536
0.94527
0.94518
0.94509
0.945
0.94491
0.94482
0.94473
0.94464
0.94455
0.94447
0.94438
0.94429
0.9442
0.94411
0.94402
0.94393
0.94384
0.94375
0.94366
0.94357
0.94349
0.9434
0.94331
0.94322
0.94313
0.94304
0.94295
0.94286
0.94277
0.94268
0.9426
0.94251
0.94242
0.94233
0.94224
0.94215
0.94206
0.94197
0.94189
0.9418
0.94171
0.94162
0.94153
0.94144
0.94135
0.94127
0.94118
0.94109
0.941
0.94091
0.94082
0.94073
0.94065
0.94056
0.94047
0.94038
0.94029
0.9402
0.94011
0.94003
0.93994
0.93985
0.93976
0.93967
0.93958
0.9395
0.93941
0.93932
0.93923
0.93914
0.93906
0.93897
0.93888
0.93879
0.9387
0.93861
0.93853
0.93844
0.93835
0.93826
0.93817
0.93809
0.938
0.93791
0.93782
0.93773
0.93765
0.93756
0.93747
0.93738
0.93729
0.93721
0.93712
0.93703
0.93694
0.93686
0.93677
0.93668
0.93659
0.9365
0.93642
0.93633
0.93624
0.93615
0.93607
0.93598
0.93589
0.9358
0.93572
0.93563
0.93554
0.93545
0.93537
0.93528
0.93519
0.9351
0.93502
0.93493
0.93484
0.93475
0.93467
0.93458
0.93449
0.9344
0.93432
0.93423
0.93414
0.93406
0.93397
0.93388
0.93379
0.93371
0.93362
0.93353
0.93345
0.93336
0.93327
0.93318
0.9331
0.93301
0.93292
0.93284
0.93275
0.93266
0.93257
0.93249
0.9324
0.93231
0.93223
0.93214
0.93205
0.93197
0.93188
0.93179
0.93171
0.93162
0.93153
0.93145
0.93136
0.93127
0.93119
0.9311
0.93101
0.93093
0.93084
0.93075
0.93067
0.93058
0.93049
0.93041
0.93032
0.93023
0.93015
0.93006
0.92997
0.92989
0.9298
0.92971
0.92963
0.92954
0.92945
0.92937
0.92928
0.9292
0.92911
0.92902
0.92894
0.92885
0.92876
0.92868
0.92859
0.92851
0.92842
0.92833
0.92825
0.92816
0.92807
0.92799
0.9279
0.92782
0.92773
0.92764
0.92756
0.92747
0.92739
0.9273
0.92721
0.92713
0.92704
0.92696
0.92687
0.92678
0.9267
0.92661
0.92653
0.92644
0.92635
0.92627
0.92618
0.9261
0.92601
0.92593
0.92584
0.92575
0.92567
0.92558
0.9255
0.92541
0.92533
0.92524
0.92515
0.92507
0.92498
0.9249
0.92481
0.92473
0.92464
0.92456
0.92447
0.92439
0.9243
0.92421
0.92413
0.92404
0.92396
0.92387
0.92379
0.9237
0.92362
0.92353
0.92345
0.92336
0.92328
0.92319
0.92311
0.92302
0.92293
0.92285
0.92276
0.92268
0.92259
0.92251
0.92242
0.92234
0.92225
0.92217
0.92208
0.922
0.92191
0.92183
0.92174
0.92166
0.92157
0.92149
0.9214
0.92132
0.92123
0.92115
0.92106
0.92098
0.9209
0.92081
0.92073
0.92064
0.92056
0.92047
0.92039
0.9203
0.92022
0.92013
0.92005
0.91996
0.91988
0.91979
0.91971
0.91962
0.91954
0.91946
0.91937
0.91929
0.9192
0.91912
0.91903
0.91895
0.91886
0.91878
0.9187
0.91861
0.91853
0.91844
0.91836
0.91827
0.91819
0.91811
0.91802
0.91794
0.91785
0.91777
0.91768
0.9176
0.91752
0.91743
0.91735
0.91726
0.91718
0.91709
0.91701
0.91693
0.91684
0.91676
0.91667
0.91659
0.91651
0.91642
0.91634
0.91625
0.91617
0.91609
0.916
0.91592
0.91583
0.91575
0.91567
0.91558
0.9155
0.91542
0.91533
0.91525
0.91516
0.91508
0.915
0.91491
0.91483
0.91475
0.91466
0.91458
0.91449
0.91441
0.91433
0.91424
0.91416
0.91408
0.91399
0.91391
0.91383
0.91374
0.91366
0.91358
0.91349
0.91341
0.91333
0.91324
0.91316
0.91308
0.91299
0.91291
0.91283
0.91274
0.91266
0.91258
0.91249
0.91241
0.91233
0.91224
0.91216
0.91208
0.91199
0.91191
0.91183
0.91174
0.91166
0.91158
0.91149
0.91141
0.91133
0.91124
0.91116
0.91108
0.911
0.91091
0.91083
0.91075
0.91066
0.91058
0.9105
0.91042
0.91033
0.91025
0.91017
0.91008
0.91
0.90992
0.90984
0.90975
0.90967
0.90959
0.9095
0.90942
0.90934
0.90926
0.90917
0.90909
